62
Norovirus_GI.1a    0.0000000 0.1937151 0.2694880 0.2649158 0.2696308 0.1695016 0.2652488 0.2651807 0.2684903 0.2678174 1.1727721 1.1602811 1.1305793 1.1336870 1.1194037 1.1116917 1.1010364 1.1353890 1.1329596 1.1172570 0.7427888 0.7427888 0.7716124 0.7358575 0.7408204 0.7345031 0.7348595 0.7344214 0.7335534 0.7345031 1.1679745 1.1099156 1.0926067 1.0953131 1.1679745 1.1674290 1.1776871 1.1842733 1.1871622 1.6389002 1.6930180 1.6807960 1.5964584 1.6205165 1.6234949 1.6211693 1.6389002 1.6155886 1.6155886 1.1642945 1.1718641 1.1595998 1.1772929 1.1787344 1.1642945 1.1523812 1.1590774 1.1787092 1.1787092 1.1117611 1.1359972 1.1317307 
Norovirus_GI.1b    0.1937151 0.0000000 0.2587070 0.2653255 0.2732341 0.1302480 0.2536480 0.2528572 0.2569511 0.2561687 1.1659391 1.1440278 1.1409305 1.1092403 1.1396860 1.1324215 1.1304471 1.1396161 1.1305071 1.1189303 0.7015613 0.7015613 0.7246951 0.7035567 0.7057169 0.7065544 0.7059736 0.6958266 0.6949768 0.7065544 1.1695830 1.0840562 1.0840488 1.1022701 1.1695830 1.1763700 1.1963823 1.1777223 1.1819850 1.6307686 1.6734403 1.6561185 1.6065333 1.6393794 1.6387976 1.6395148 1.6307686 1.6229021 1.6229021 1.1756296 1.1657748 1.1403114 1.1632263 1.1646529 1.1756296 1.1586470 1.1401166 1.1794708 1.1794708 1.0930417 1.1546802 1.1503042 
Norovirus_GI.1c    0.2694880 0.2587070 0.0000000 0.0461009 0.0508112 0.2542688 0.0573517 0.0565339 0.0602880 0.0588217 1.1251284 1.1408766 1.1030475 1.1083265 1.1114575 1.1266233 1.1249774 1.1260435 1.1050409 1.1219463 0.7275098 0.7275098 0.7575026 0.7232375 0.7310295 0.7348348 0.7352494 0.7254961 0.7237920 0.7348348 1.2152136 1.1323494 1.1227359 1.1363509 1.2152136 1.2156742 1.2386365 1.2097554 1.2124254 1.6743303 1.6748138 1.6456887 1.6348619 1.6776931 1.6771956 1.6839473 1.6743303 1.6697493 1.6697493 1.2179041 1.1988419 1.1997469 1.2123063 1.2137936 1.2179041 1.1726225 1.1970083 1.2061484 1.2061484 1.1242303 1.1209250 1.1045303 
Norovirus_GI.1d    0.2649158 0.2653255 0.0461009 0.0000000 0.0218858 0.2619797 0.0634286 0.0625846 0.0649879 0.0640088 1.1425156 1.1430205 1.1232320 1.1114910 1.1182023 1.1399931 1.1347961 1.1325047 1.1128993 1.1197415 0.7386407 0.7386407 0.7677640 0.7269141 0.7381886 0.7381215 0.7385363 0.7332179 0.7315074 0.7381215 1.2196854 1.1312209 1.1212174 1.1442663 1.2196854 1.2238676 1.2435586 1.2179488 1.2209550 1.6993715 1.6921084 1.6742980 1.6644414 1.7070755 1.7065974 1.7134526 1.6993715 1.7021845 1.7021845 1.2199585 1.2063947 1.2089356 1.2147510 1.2162486 1.2199585 1.1848326 1.2066935 1.2166661 1.2166661 1.1226135 1.1385658 1.1235614 
Norovirus_GI.1e    0.2696308 0.2732341 0.0508112 0.0218858 0.0000000 0.2688305 0.0662509 0.0653932 0.0692772 0.0668301 1.1709053 1.1609269 1.1462213 1.1276704 1.1453353 1.1658087 1.1605427 1.1505502 1.1350413 1.1376004 0.7395090 0.7395090 0.7687045 0.7259740 0.7369526 0.7392999 0.7397153 0.7340754 0.7323613 0.7392999 1.2442707 1.1553364 1.1420744 1.1631537 1.2442707 1.2485577 1.2685418 1.2409020 1.2439842 1.7193500 1.7186852 1.6982008 1.6839922 1.7156707 1.7215670 1.7285136 1.7193500 1.7171187 1.7171187 1.2445824 1.2315313 1.2299277 1.2399670 1.2414974 1.2445824 1.2113271 1.2276591 1.2396052 1.2396052 1.1439804 1.1617599 1.1424346 
Norovirus_GI.1f    0.1695016 0.1302480 0.2542688 0.2619797 0.2688305 0.0000000 0.2460109 0.2452337 0.2459987 0.2488417 1.1358577 1.1133578 1.1180950 1.0778200 1.1060161 1.1019651 1.1040673 1.1257156 1.1228531 1.1037440 0.7055977 0.7055977 0.7437308 0.6999719 0.7028988 0.7038252 0.7046718 0.7040422 0.7023618 0.7038252 1.1668807 1.0765442 1.0783898 1.0755365 1.1668807 1.1708277 1.1827483 1.1626668 1.1654873 1.6018459 1.6435053 1.6123164 1.5733121 1.6144232 1.6120843 1.6127947 1.6018459 1.5981101 1.5981101 1.1672784 1.1486638 1.1283860 1.1502083 1.1516197 1.1672784 1.1437581 1.1278843 1.1617733 1.1617733 1.0815269 1.1199142 1.1299970 
Norovirus_GI.1g    0.2652488 0.2536480 0.0573517 0.0634286 0.0662509 0.2460109 0.0000000 0.0006580 0.0052893 0.0052845 1.1304001 1.1284822 1.1191245 1.1218765 1.1086372 1.1274562 1.1264608 1.1201311 1.1077894 1.1153698 0.7214844 0.7214844 0.7567572 0.7129026 0.7227949 0.7229555 0.7233702 0.7171839 0.7154899 0.7229555 1.1990846 1.1327765 1.1122046 1.1399623 1.1990846 1.1996902 1.2229380 1.2036880 1.2066488 1.6541795 1.6604542 1.6297374 1.6237250 1.6603348 1.6565408 1.6632224 1.6541795 1.6609618 1.6609618 1.2007233 1.1836134 1.1875120 1.1919176 1.1933845 1.2007233 1.1666914 1.1852933 1.1996385 1.1996385 1.1012138 1.1341639 1.1081073 
Norovirus_GI.1h    0.2651807 0.2528572 0.0565339 0.0625846 0.0653932 0.2452337 0.0006580 0.0000000 0.0046191 0.0046149 1.1275646 1.1256115 1.1163096 1.1190324 1.1058534 1.1246284 1.1236367 1.1173055 1.1049956 1.1125523 0.7182885 0.7182885 0.7534231 0.7097204 0.7195884 0.7197451 0.7201594 0.7139966 0.7123075 0.7197451 1.1960382 1.1298783 1.1075002 1.1370629 1.1960382 1.1966358 1.2198295 1.2006227 1.2035720 1.6518492 1.6574805 1.6268143 1.6214354 1.6579918 1.6542060 1.6608774 1.6518492 1.6586205 1.6586205 1.1976697 1.1806013 1.1845106 1.1888919 1.1903540 1.1976697 1.1637278 1.1822964 1.1965866 1.1965866 1.0965186 1.1313173 1.1053141 
Norovirus_GI.1i    0.2684903 0.2569511 0.0602880 0.0649879 0.0692772 0.2459987 0.0052893 0.0046191 0.0000000 0.0079484 1.1287231 1.1329143 1.1214713 1.1262744 1.1109562 1.1307609 1.1297615 1.1184397 1.1060928 1.1136738 0.7211290 0.7211290 0.7563710 0.7125525 0.7224377 0.7225979 0.7230123 0.7168313 0.7151386 0.7225979 1.1992158 1.1310493 1.1157459 1.1382288 1.1992158 1.1998213 1.2230549 1.2032239 1.2061823 1.6608170 1.6598867 1.6292026 1.6314600 1.6682323 1.6644121 1.6711252 1.6608170 1.6688533 1.6688533 1.2008536 1.1837540 1.1866700 1.1920529 1.1935191 1.2008536 1.1658676 1.1844534 1.1991773 1.1991773 1.1047727 1.1365399 1.1104339 
Norovirus_GI.1j    0.2678174 0.2561687 0.0588217 0.0640088 0.0668301 0.2488417 0.0052845 0.0046149 0.0079484 0.0000000 1.1325417 1.1320131 1.1258068 1.1211581 1.1056401 1.1299314 1.1289335 1.1222699 1.1135270 1.1175046 0.7188926 0.7188926 0.7540521 0.7103223 0.7201945 0.7203519 0.7207663 0.7145993 0.7129093 0.7203519 1.2024130 1.1390192 1.1166290 1.1421719 1.2024130 1.2030263 1.2232838 1.2056907 1.2086542 1.6608347 1.6640721 1.6333583 1.6303155 1.6670161 1.6632048 1.6699044 1.6608347 1.6676372 1.6676372 1.2040570 1.1869295 1.1912170 1.1952351 1.1967049 1.2040570 1.1698900 1.1889974 1.2029721 1.2029721 1.1056588 1.1408880 1.1078731 
Norovirus_GII.1a   1.1727721 1.1659391 1.1251284 1.1425156 1.1709053 1.1358577 1.1304001 1.1275646 1.1287231 1.1325417 0.0000000 0.4248893 0.2662067 0.3910764 0.2471609 0.2572317 0.2546261 0.0984349 0.0952169 0.1061180 1.2574361 1.2574361 1.2692904 1.2457262 1.2401032 1.2440432 1.2486364 1.2337450 1.2352792 1.2440432 0.6366378 0.6508891 0.6895541 0.6474390 0.6366378 0.6364785 0.6505493 0.6501549 0.6518179 1.4280732 1.5578863 1.5483281 1.4255434 1.4323643 1.4316475 1.4356229 1.4280732 1.4383766 1.4383766 0.6341624 0.6331050 0.6388930 0.6420630 0.6424304 0.6341624 0.6391576 0.6359343 0.6442615 0.6442615 0.6816876 0.2667036 0.2700214 
Norovirus_GII.1b   1.1602811 1.1440278 1.1408766 1.1430205 1.1609269 1.1133578 1.1284822 1.1256115 1.1329143 1.1320131 0.4248893 0.0000000 0.3856136 0.1184931 0.3680105 0.3935936 0.3911247 0.4148250 0.4096081 0.4172001 1.3222036 1.3222036 1.3540168 1.3083815 1.3126296 1.3120133 1.3189073 1.3077168 1.3093907 1.3120133 0.6247093 0.5793828 0.6733831 0.5811393 0.6247093 0.6275429 0.6301152 0.6218813 0.6268736 1.4771623 1.4548427 1.4352774 1.4653795 1.4693208 1.4681304 1.4671389 1.4771623 1.4694707 1.4694707 0.6264316 0.6193533 0.6118892 0.6259323 0.6242601 0.6264316 0.6184728 0.6082891 0.6275226 0.6275226 0.6595268 0.3894648 0.3954796 
Norovirus_GII.1c   1.1305793 1.1409305 1.1030475 1.1232320 1.1462213 1.1180950 1.1191245 1.1163096 1.1214713 1.1258068 0.2662067 0.3856136 0.0000000 0.3694822 0.1572106 0.1249413 0.1260224 0.2615769 0.2583356 0.2578920 1.2716438 1.2716438 1.2916777 1.2540666 1.2622719 1.2625368 1.2670757 1.2507773 1.2523540 1.2625368 0.6244535 0.6274314 0.6549257 0.6136797 0.6244535 0.6236701 0.6386514 0.6401513 0.6417974 1.5043369 1.5194794 1.4944638 1.4994420 1.5092673 1.5066223 1.5093105 1.5043369 1.5107272 1.5107272 0.6282126 0.6258136 0.6272654 0.6287374 0.6287398 0.6282126 0.6290792 0.6243256 0.6378589 0.6378589 0.6459984 0.0121429 0.1374491 
Norovirus_GII.1d   1.1336870 1.1092403 1.1083265 1.1114910 1.1276704 1.0778200 1.1218765 1.1190324 1.1262744 1.1211581 0.3910764 0.1184931 0.3694822 0.0000000 0.3365281 0.3625210 0.3596772 0.3915187 0.3865638 0.3856323 1.2884303 1.2884303 1.3248206 1.2789502 1.2835674 1.2796517 1.2879416 1.2805053 1.2821358 1.2796517 0.6075550 0.5569517 0.6585192 0.5775408 0.6075550 0.6090154 0.6180079 0.5975743 0.6031589 1.4579230 1.4397437 1.4210432 1.4685605 1.4603229 1.4551110 1.4556304 1.4579230 1.4601435 1.4601435 0.6085997 0.5984518 0.5925933 0.6074494 0.6058029 0.6085997 0.6045647 0.5922282 0.5973898 0.5973898 0.6534051 0.3766034 0.3722456 
Norovirus_GII.1e   1.1194037 1.1396860 1.1114575 1.1182023 1.1453353 1.1060161 1.1086372 1.1058534 1.1109562 1.1056401 0.2471609 0.3680105 0.1572106 0.3365281 0.0000000 0.1304194 0.1320248 0.2483410 0.2526545 0.2522397 1.2768878 1.2768878 1.2972408 1.2695428 1.2696553 1.2697454 1.2743798 1.2607749 1.2623592 1.2697454 0.6089355 0.5876860 0.6572824 0.5943301 0.6089355 0.6058017 0.6195551 0.6143380 0.6159125 1.4920368 1.4920487 1.4764829 1.4998861 1.5144944 1.4999041 1.4987461 1.4920368 1.4989945 1.4989945 0.6035801 0.6008145 0.5995106 0.6064630 0.6073553 0.6035801 0.6108798 0.5966635 0.6184246 0.6184246 0.6479086 0.1550804 0.1350475 
Norovirus_GII.1f   1.1116917 1.1324215 1.1266233 1.1399931 1.1658087 1.1019651 1.1274562 1.1246284 1.1307609 1.1299314 0.2572317 0.3935936 0.1249413 0.3625210 0.1304194 0.0000000 0.0046797 0.2522599 0.2491005 0.2549248 1.2478008 1.2478008 1.2636382 1.2405095 1.2443675 1.2397573 1.2443084 1.2288177 1.2303562 1.2397573 0.6082347 0.6077672 0.6437700 0.6143987 0.6082347 0.6113867 0.6217462 0.6288808 0.6312424 1.5052753 1.5099520 1.4889415 1.5190403 1.5256791 1.5146165 1.5129417 1.5052753 1.4989086 1.4989086 0.6162254 0.6143698 0.6001505 0.6135469 0.6153484 0.6162254 0.6021486 0.5970423 0.6233807 0.6233807 0.6362683 0.1253984 0.1161313 
Norovirus_GII.1g   1.1010364 1.1304471 1.1249774 1.1347961 1.1605427 1.1040673 1.1264608 1.1236367 1.1297615 1.1289335 0.2546261 0.3911247 0.1260224 0.3596772 0.1320248 0.0046797 0.0000000 0.2477365 0.2446040 0.2503693 1.2453501 1.2453501 1.2610989 1.2380870 1.2419246 1.2373339 1.2418629 1.2264475 1.2279775 1.2373339 0.5974779 0.6030613 0.6441601 0.6061164 0.5974779 0.6034044 0.6108345 0.6207970 0.6231383 1.5023491 1.5070620 1.4860690 1.5154710 1.5180425 1.5116618 1.5099894 1.5023491 1.4959825 1.4959825 0.6053915 0.6063865 0.5920696 0.6071644 0.6089548 0.6053915 0.5936876 0.5889882 0.6153322 0.6153322 0.6413237 0.1267353 0.1157861 
Norovirus_GII.1h   1.1353890 1.1396161 1.1260435 1.1325047 1.1505502 1.1257156 1.1201311 1.1173055 1.1184397 1.1222699 0.0984349 0.4148250 0.2615769 0.3915187 0.2483410 0.2522599 0.2477365 0.0000000 0.0314366 0.0778456 1.2303493 1.2303493 1.2535735 1.2278749 1.2230864 1.2324743 1.2370234 1.2218853 1.2233992 1.2324743 0.6393670 0.6457682 0.6723086 0.6504561 0.6393670 0.6457158 0.6558111 0.6527087 0.6542605 1.4261257 1.5248211 1.5234623 1.4227453 1.4279219 1.4238144 1.4277551 1.4261257 1.4265001 1.4265001 0.6382950 0.6296739 0.6333390 0.6387840 0.6391501 0.6382950 0.6422155 0.6301014 0.6481170 0.6481170 0.6804473 0.2588186 0.2681002 
Norovirus_GII.1i   1.1329596 1.1305071 1.1050409 1.1128993 1.1350413 1.1228531 1.1077894 1.1049956 1.1060928 1.1135270 0.0952169 0.4096081 0.2583356 0.3865638 0.2526545 0.2491005 0.2446040 0.0314366 0.0000000 0.0721998 1.2386847 1.2386847 1.2619849 1.2363354 1.2295330 1.2386578 1.2432341 1.2279976 1.2295234 1.2386578 0.6346941 0.6394418 0.6760646 0.6399869 0.6346941 0.6430546 0.6508019 0.6589824 0.6605409 1.4284611 1.5316067 1.5310827 1.4278157 1.4346275 1.4340770 1.4380486 1.4284611 1.4326006 1.4326006 0.6356678 0.6354735 0.6297213 0.6388078 0.6391730 0.6356678 0.6377238 0.6265086 0.6566703 0.6566703 0.6759001 0.2587536 0.2704920 
Norovirus_GII.1j   1.1172570 1.1189303 1.1219463 1.1197415 1.1376004 1.1037440 1.1153698 1.1125523 1.1136738 1.1175046 0.1061180 0.4172001 0.2578920 0.3856323 0.2522397 0.2549248 0.2503693 0.0778456 0.0721998 0.0000000 1.2046119 1.2046119 1.2346434 1.2011582 1.1991575 1.2012876 1.2057470 1.1951394 1.1966143 1.2012876 0.6507535 0.6456202 0.6720806 0.6393594 0.6507535 0.6562435 0.6615535 0.6698778 0.6715816 1.4407038 1.5533372 1.5403937 1.4426594 1.4444178 1.4482911 1.4522885 1.4407038 1.4525018 1.4525018 0.6494566 0.6463934 0.6378411 0.6485799 0.6493653 0.6494566 0.6626577 0.6348882 0.6685031 0.6685031 0.6697035 0.2595265 0.2665234 
Norovirus_GIII.1a  0.7427888 0.7015613 0.7275098 0.7386407 0.7395090 0.7055977 0.7214844 0.7182885 0.7211290 0.7188926 1.2574361 1.3222036 1.2716438 1.2884303 1.2768878 1.2478008 1.2453501 1.2303493 1.2386847 1.2046119 0.0000000 0.0000010 0.0511897 0.0386403 0.0300953 0.0323346 0.0330911 0.0273500 0.0273793 0.0323346 1.2438201 1.1804596 1.2081526 1.2248028 1.2438201 1.2345358 1.2608642 1.2254238 1.2292960 1.7147682 1.6687663 1.6467551 1.6915630 1.7088080 1.6963635 1.6971696 1.7147682 1.7039734 1.7039734 1.2378320 1.2161234 1.2049345 1.2246784 1.2261943 1.2378320 1.2214032 1.2021653 1.2259536 1.2259536 1.2255482 1.2773681 1.2940633 
Norovirus_GIII.1b  0.7427888 0.7015613 0.7275098 0.7386407 0.7395090 0.7055977 0.7214844 0.7182885 0.7211290 0.7188926 1.2574361 1.3222036 1.2716438 1.2884303 1.2768878 1.2478008 1.2453501 1.2303493 1.2386847 1.2046119 0.0000010 0.0000000 0.0511897 0.0386403 0.0300953 0.0323346 0.0330911 0.0273500 0.0273793 0.0323346 1.2438201 1.1804596 1.2081526 1.2248028 1.2438201 1.2345358 1.2608642 1.2254238 1.2292960 1.7147682 1.6687663 1.6467551 1.6915630 1.7088080 1.6963635 1.6971696 1.7147682 1.7039734 1.7039734 1.2378320 1.2161234 1.2049345 1.2246784 1.2261943 1.2378320 1.2214032 1.2021653 1.2259536 1.2259536 1.2255482 1.2773681 1.2940633 
Norovirus_GIII.1c  0.7716124 0.7246951 0.7575026 0.7677640 0.7687045 0.7437308 0.7567572 0.7534231 0.7563710 0.7540521 1.2692904 1.3540168 1.2916777 1.3248206 1.2972408 1.2636382 1.2610989 1.2535735 1.2619849 1.2346434 0.0511897 0.0511897 0.0000000 0.0438666 0.0374162 0.0396319 0.0404107 0.0282024 0.0282328 0.0396319 1.2648536 1.2079896 1.2363673 1.2510879 1.2648536 1.2551969 1.2807149 1.2527595 1.2567360 1.7519758 1.7094527 1.6920099 1.7325591 1.7560056 1.7451002 1.7481913 1.7519758 1.7455430 1.7455430 1.2578111 1.2382583 1.2209346 1.2526391 1.2541960 1.2578111 1.2352407 1.2181277 1.2499589 1.2499589 1.2560721 1.2997159 1.3110099 
Norovirus_GIII.1d  0.7358575 0.7035567 0.7232375 0.7269141 0.7259740 0.6999719 0.7129026 0.7097204 0.7125525 0.7103223 1.2457262 1.3083815 1.2540666 1.2789502 1.2695428 1.2405095 1.2380870 1.2278749 1.2363354 1.2011582 0.0386403 0.0386403 0.0438666 0.0000000 0.0189657 0.0209969 0.0217196 0.0181689 0.0181882 0.0209969 1.2348239 1.1648279 1.1933664 1.2086015 1.2348239 1.2282037 1.2503765 1.2128365 1.2166821 1.6787297 1.6673839 1.6504313 1.6656204 1.6855462 1.6765617 1.6795432 1.6787297 1.6804049 1.6804049 1.2320109 1.2030285 1.1979037 1.2157557 1.2172634 1.2320109 1.2068941 1.1951424 1.2167669 1.2167669 1.2126483 1.2618779 1.2742550 
Norovirus_GIII.1e  0.7408204 0.7057169 0.7310295 0.7381886 0.7369526 0.7028988 0.7227949 0.7195884 0.7224377 0.7201945 1.2401032 1.3126296 1.2622719 1.2835674 1.2696553 1.2443675 1.2419246 1.2230864 1.2295330 1.1991575 0.0300953 0.0300953 0.0374162 0.0189657 0.0000000 0.0181998 0.0189134 0.0140531 0.0140680 0.0181998 1.2303261 1.1775723 1.1970538 1.2246393 1.2303261 1.2222739 1.2458768 1.2120965 1.2159388 1.6920254 1.6665047 1.6547712 1.6763545 1.6909516 1.6754387 1.6784233 1.6920254 1.6826911 1.6826911 1.2220414 1.1992742 1.1950746 1.2094794 1.2109810 1.2220414 1.2046982 1.1923163 1.2162200 1.2162200 1.2044685 1.2701308 1.2776673 
Norovirus_GIII.1f  0.7345031 0.7065544 0.7348348 0.7381215 0.7392999 0.7038252 0.7229555 0.7197451 0.7225979 0.7203519 1.2440432 1.3120133 1.2625368 1.2796517 1.2697454 1.2397573 1.2373339 1.2324743 1.2386578 1.2012876 0.0323346 0.0323346 0.0396319 0.0209969 0.0181998 0.0000000 0.0019913 0.0140942 0.0141092 0.0000010 1.2320575 1.1732911 1.2001126 1.2214582 1.2320575 1.2239111 1.2476336 1.2170373 1.2208967 1.6833247 1.6534932 1.6383753 1.6648105 1.6885407 1.6774922 1.6804848 1.6833247 1.6750690 1.6750690 1.2237615 1.2071895 1.1980169 1.2176235 1.2191344 1.2237615 1.2071032 1.1952482 1.2209752 1.2209752 1.2111626 1.2704031 1.2787901 
Norovirus_GIII.1g  0.7348595 0.7059736 0.7352494 0.7385363 0.7397153 0.7046718 0.7233702 0.7201594 0.7230123 0.7207663 1.2486364 1.3189073 1.2670757 1.2879416 1.2743798 1.2443084 1.2418629 1.2370234 1.2432341 1.2057470 0.0330911 0.0330911 0.0404107 0.0217196 0.0189134 0.0019913 0.0000000 0.0147965 0.0140935 0.0019913 1.2335525 1.1763071 1.1999759 1.2245718 1.2335525 1.2254783 1.2491440 1.2185198 1.2223839 1.6859531 1.6623840 1.6472145 1.6674062 1.6911892 1.6801208 1.6831187 1.6859531 1.6776944 1.6776944 1.2252500 1.2086586 1.1994799 1.2190993 1.2206122 1.2252500 1.2085723 1.1967089 1.2224600 1.2224600 1.2126969 1.2749714 1.2834725 
Norovirus_GIII.1h  0.7344214 0.6958266 0.7254961 0.7332179 0.7340754 0.7040422 0.7171839 0.7139966 0.7168313 0.7145993 1.2337450 1.3077168 1.2507773 1.2805053 1.2607749 1.2288177 1.2264475 1.2218853 1.2279976 1.1951394 0.0273500 0.0273500 0.0282024 0.0181689 0.0140531 0.0140942 0.0147965 0.0000000 0.0013233 0.0140942 1.2195791 1.1643493 1.1928413 1.2158636 1.2195791 1.2130045 1.2379221 1.2138086 1.2176543 1.6882871 1.6607335 1.6468274 1.6697592 1.6947138 1.6841696 1.6871655 1.6882871 1.6853176 1.6853176 1.2167700 1.2039806 1.1903112 1.2144086 1.2159139 1.2167700 1.1968979 1.1875619 1.2125420 1.2125420 1.2074366 1.2585700 1.2707597 
Norovirus_GIII.1i  0.7335534 0.6949768 0.7237920 0.7315074 0.7323613 0.7023618 0.7154899 0.7123075 0.7151386 0.7129093 1.2352792 1.3093907 1.2523540 1.2821358 1.2623592 1.2303562 1.2279775 1.2233992 1.2295234 1.1966143 0.0273793 0.0273793 0.0282328 0.0181882 0.0140680 0.0141092 0.0140935 0.0013233 0.0000000 0.0141092 1.2172476 1.1620766 1.1917061 1.2138793 1.2172476 1.2106796 1.2355666 1.2114795 1.2153194 1.6891408 1.6615724 1.6476655 1.6706086 1.6955721 1.6850253 1.6880219 1.6891408 1.6861743 1.6861743 1.2144379 1.2016680 1.1880152 1.2120901 1.2135929 1.2144379 1.1945952 1.1852685 1.2102164 1.2102164 1.2050914 1.2601601 1.2723630 
Norovirus_GIII.1j  0.7345031 0.7065544 0.7348348 0.7381215 0.7392999 0.7038252 0.7229555 0.7197451 0.7225979 0.7203519 1.2440432 1.3120133 1.2625368 1.2796517 1.2697454 1.2397573 1.2373339 1.2324743 1.2386578 1.2012876 0.0323346 0.0323346 0.0396319 0.0209969 0.0181998 0.0000010 0.0019913 0.0140942 0.0141092 0.0000000 1.2320575 1.1732911 1.2001126 1.2214582 1.2320575 1.2239111 1.2476336 1.2170373 1.2208967 1.6833247 1.6534932 1.6383753 1.6648105 1.6885407 1.6774922 1.6804848 1.6833247 1.6750690 1.6750690 1.2237615 1.2071895 1.1980169 1.2176235 1.2191344 1.2237615 1.2071032 1.1952482 1.2209752 1.2209752 1.2111626 1.2704031 1.2787901 
Norovirus_GIV.1a   1.1679745 1.1695830 1.2152136 1.2196854 1.2442707 1.1668807 1.1990846 1.1960382 1.1992158 1.2024130 0.6366378 0.6247093 0.6244535 0.6075550 0.6089355 0.6082347 0.5974779 0.6393670 0.6346941 0.6507535 1.2438201 1.2438201 1.2648536 1.2348239 1.2303261 1.2320575 1.2335525 1.2195791 1.2172476 1.2320575 0.0000000 0.4016097 0.6039530 0.4028118 0.0000010 0.0133883 0.0202304 0.0869687 0.0881514 1.4692695 1.5040052 1.4910228 1.4748526 1.4882891 1.4768266 1.4746268 1.4692695 1.4664236 1.4664236 0.0189471 0.0797574 0.1027622 0.0806486 0.0806368 0.0189471 0.1066576 0.1045381 0.0893231 0.0893231 0.6010599 0.6234037 0.6316057 
Norovirus_GIV.1b   1.1099156 1.0840562 1.1323494 1.1312209 1.1553364 1.0765442 1.1327765 1.1298783 1.1310493 1.1390192 0.6508891 0.5793828 0.6274314 0.5569517 0.5876860 0.6077672 0.6030613 0.6457682 0.6394418 0.6456202 1.1804596 1.1804596 1.2079896 1.1648279 1.1775723 1.1732911 1.1763071 1.1643493 1.1620766 1.1732911 0.4016097 0.0000000 0.6061940 0.0991909 0.4016097 0.4014080 0.4116114 0.3970239 0.4007686 1.5183557 1.5177391 1.5000793 1.5377309 1.5342160 1.5383022 1.5364212 1.5183557 1.5201171 1.5201171 0.3986411 0.3909954 0.4062225 0.4002083 0.4008366 0.3986411 0.4087225 0.4049976 0.3936793 0.3936793 0.6000393 0.6283795 0.6187825 
Norovirus_GIV.1c   1.0926067 1.0840488 1.1227359 1.1212174 1.1420744 1.0783898 1.1122046 1.1075002 1.1157459 1.1166290 0.6895541 0.6733831 0.6549257 0.6585192 0.6572824 0.6437700 0.6441601 0.6723086 0.6760646 0.6720806 1.2081526 1.2081526 1.2363673 1.1933664 1.1970538 1.2001126 1.1999759 1.1928413 1.1917061 1.2001126 0.6039530 0.6061940 0.0000000 0.6129964 0.6039530 0.6032329 0.6234483 0.5813668 0.5845742 1.4720307 1.5670494 1.5519602 1.4951171 1.4990225 1.4904858 1.4854976 1.4720307 1.4863667 1.4863667 0.6081956 0.5747694 0.5806548 0.5849224 0.5833054 0.6081956 0.5914530 0.5813628 0.5758256 0.5758256 0.1143486 0.6568178 0.6358449 
Norovirus_GIV.1d   1.0953131 1.1022701 1.1363509 1.1442663 1.1631537 1.0755365 1.1399623 1.1370629 1.1382288 1.1421719 0.6474390 0.5811393 0.6136797 0.5775408 0.5943301 0.6143987 0.6061164 0.6504561 0.6399869 0.6393594 1.2248028 1.2248028 1.2510879 1.2086015 1.2246393 1.2214582 1.2245718 1.2158636 1.2138793 1.2214582 0.4028118 0.0991909 0.6129964 0.0000000 0.4028118 0.4088393 0.4109629 0.4079092 0.4108273 1.5401276 1.5164432 1.4978975 1.5590686 1.5428180 1.5528335 1.5494524 1.5401276 1.5365672 1.5365672 0.4021535 0.3938374 0.4086768 0.4000056 0.4001818 0.4021535 0.4109318 0.4085944 0.4018316 0.4018316 0.6077635 0.6170867 0.6185138 
Norovirus_GIV.1e   1.1679745 1.1695830 1.2152136 1.2196854 1.2442707 1.1668807 1.1990846 1.1960382 1.1992158 1.2024130 0.6366378 0.6247093 0.6244535 0.6075550 0.6089355 0.6082347 0.5974779 0.6393670 0.6346941 0.6507535 1.2438201 1.2438201 1.2648536 1.2348239 1.2303261 1.2320575 1.2335525 1.2195791 1.2172476 1.2320575 0.0000010 0.4016097 0.6039530 0.4028118 0.0000000 0.0133883 0.0202304 0.0869687 0.0881514 1.4692695 1.5040052 1.4910228 1.4748526 1.4882891 1.4768266 1.4746268 1.4692695 1.4664236 1.4664236 0.0189471 0.0797574 0.1027622 0.0806486 0.0806368 0.0189471 0.1066576 0.1045381 0.0893231 0.0893231 0.6010599 0.6234037 0.6316057 
Norovirus_GIV.1f   1.1674290 1.1763700 1.2156742 1.2238676 1.2485577 1.1708277 1.1996902 1.1966358 1.1998213 1.2030263 0.6364785 0.6275429 0.6236701 0.6090154 0.6058017 0.6113867 0.6034044 0.6457158 0.6430546 0.6562435 1.2345358 1.2345358 1.2551969 1.2282037 1.2222739 1.2239111 1.2254783 1.2130045 1.2106796 1.2239111 0.0133883 0.4014080 0.6032329 0.4088393 0.0133883 0.0000000 0.0215993 0.0911959 0.0924004 1.4625474 1.5077935 1.4947829 1.4669265 1.4867602 1.4706969 1.4685020 1.4625474 1.4603359 1.4603359 0.0189750 0.0814838 0.1062399 0.0837071 0.0836948 0.0189750 0.1112400 0.1063122 0.0920716 0.0920716 0.6021493 0.6232437 0.6340297 
Norovirus_GIV.1g   1.1776871 1.1963823 1.2386365 1.2435586 1.2685418 1.1827483 1.2229380 1.2198295 1.2230549 1.2232838 0.6505493 0.6301152 0.6386514 0.6180079 0.6195551 0.6217462 0.6108345 0.6558111 0.6508019 0.6615535 1.2608642 1.2608642 1.2807149 1.2503765 1.2458768 1.2476336 1.2491440 1.2379221 1.2355666 1.2476336 0.0202304 0.4116114 0.6234483 0.4109629 0.0202304 0.0215993 0.0000000 0.0973400 0.0985690 1.4841864 1.5193752 1.5065647 1.4898229 1.5052150 1.4936425 1.4914331 1.4841864 1.4822275 1.4822275 0.0245589 0.0889799 0.1135610 0.0899171 0.0899036 0.0245589 0.1189722 0.1136378 0.0999187 0.0999187 0.6170827 0.6379384 0.6449593 
Norovirus_GIV.1i   1.1842733 1.1777223 1.2097554 1.2179488 1.2409020 1.1626668 1.2036880 1.2006227 1.2032239 1.2056907 0.6501549 0.6218813 0.6401513 0.5975743 0.6143380 0.6288808 0.6207970 0.6527087 0.6589824 0.6698778 1.2254238 1.2254238 1.2527595 1.2128365 1.2120965 1.2170373 1.2185198 1.2138086 1.2114795 1.2170373 0.0869687 0.3970239 0.5813668 0.4079092 0.0869687 0.0911959 0.0973400 0.0000000 0.0026419 1.4899640 1.4935374 1.4841595 1.4963238 1.5096893 1.5003537 1.4980769 1.4899640 1.4952469 1.4952469 0.0946579 0.0326653 0.0975076 0.0436373 0.0436794 0.0946579 0.1026855 0.0982549 0.0133767 0.0133767 0.5987884 0.6425754 0.6448464 
Norovirus_GIV.1j   1.1871622 1.1819850 1.2124254 1.2209550 1.2439842 1.1654873 1.2066488 1.2035720 1.2061823 1.2086542 0.6518179 0.6268736 0.6417974 0.6031589 0.6159125 0.6312424 0.6231383 0.6542605 0.6605409 0.6715816 1.2292960 1.2292960 1.2567360 1.2166821 1.2159388 1.2208967 1.2223839 1.2176543 1.2153194 1.2208967 0.0881514 0.4007686 0.5845742 0.4108273 0.0881514 0.0924004 0.0985690 0.0026419 0.0000000 1.4950886 1.4977553 1.4883456 1.5014720 1.5116105 1.5022563 1.4999754 1.4950886 1.5003885 1.5003885 0.0958802 0.0341085 0.0991559 0.0443951 0.0444379 0.0958802 0.1051777 0.0994060 0.0147374 0.0147374 0.6023797 0.6442288 0.6473794 
Norovirus_GV.1a    1.6389002 1.6307686 1.6743303 1.6993715 1.7193500 1.6018459 1.6541795 1.6518492 1.6608170 1.6608347 1.4280732 1.4771623 1.5043369 1.4579230 1.4920368 1.5052753 1.5023491 1.4261257 1.4284611 1.4407038 1.7147682 1.7147682 1.7519758 1.6787297 1.6920254 1.6833247 1.6859531 1.6882871 1.6891408 1.6833247 1.4692695 1.5183557 1.4720307 1.5401276 1.4692695 1.4625474 1.4841864 1.4899640 1.4950886 0.0000000 0.6477202 0.6340413 0.0422323 0.0385571 0.0389660 0.0375855 0.0000010 0.0369591 0.0369591 1.4714872 1.4586521 1.4531122 1.4735568 1.4754176 1.4714872 1.4458285 1.4557735 1.4829153 1.4829153 1.5065813 1.5146709 1.5182544 
Norovirus_GV.1b    1.6930180 1.6734403 1.6748138 1.6921084 1.7186852 1.6435053 1.6604542 1.6574805 1.6598867 1.6640721 1.5578863 1.4548427 1.5194794 1.4397437 1.4920487 1.5099520 1.5070620 1.5248211 1.5316067 1.5533372 1.6687663 1.6687663 1.7094527 1.6673839 1.6665047 1.6534932 1.6623840 1.6607335 1.6615724 1.6534932 1.5040052 1.5177391 1.5670494 1.5164432 1.5040052 1.5077935 1.5193752 1.4935374 1.4977553 0.6477202 0.0000000 0.0236225 0.6675091 0.6444895 0.6417920 0.6413716 0.6477202 0.6450443 0.6450443 1.5184502 1.4767356 1.4890670 1.4900378 1.4919239 1.5184502 1.4872740 1.4918930 1.4893317 1.4893317 1.5928942 1.5338111 1.5107830 
Norovirus_GV.1c    1.6807960 1.6561185 1.6456887 1.6742980 1.6982008 1.6123164 1.6297374 1.6268143 1.6292026 1.6333583 1.5483281 1.4352774 1.4944638 1.4210432 1.4764829 1.4889415 1.4860690 1.5234623 1.5310827 1.5403937 1.6467551 1.6467551 1.6920099 1.6504313 1.6547712 1.6383753 1.6472145 1.6468274 1.6476655 1.6383753 1.4910228 1.5000793 1.5519602 1.4978975 1.4910228 1.4947829 1.5065647 1.4841595 1.4883456 0.6340413 0.0236225 0.0000000 0.6547304 0.6299678 0.6274843 0.6251534 0.6340413 0.6361326 0.6361326 1.5044010 1.4685609 1.4742909 1.4827232 1.4845993 1.5044010 1.4742319 1.4771069 1.4778106 1.4778106 1.5628463 1.5085974 1.4895964 
Norovirus_GV.1d    1.5964584 1.6065333 1.6348619 1.6644414 1.6839922 1.5733121 1.6237250 1.6214354 1.6314600 1.6303155 1.4255434 1.4653795 1.4994420 1.4685605 1.4998861 1.5190403 1.5154710 1.4227453 1.4278157 1.4426594 1.6915630 1.6915630 1.7325591 1.6656204 1.6763545 1.6648105 1.6674062 1.6697592 1.6706086 1.6648105 1.4748526 1.5377309 1.4951171 1.5590686 1.4748526 1.4669265 1.4898229 1.4963238 1.5014720 0.0422323 0.6675091 0.6547304 0.0000000 0.0393411 0.0349270 0.0349533 0.0422323 0.0299272 0.0299272 1.4806111 1.4629737 1.4733030 1.4761688 1.4780377 1.4806111 1.4658120 1.4736665 1.4892459 1.4892459 1.5300158 1.5129908 1.5307178 
Norovirus_GV.1e    1.6205165 1.6393794 1.6776931 1.7070755 1.7156707 1.6144232 1.6603348 1.6579918 1.6682323 1.6670161 1.4323643 1.4693208 1.5092673 1.4603229 1.5144944 1.5256791 1.5180425 1.4279219 1.4346275 1.4444178 1.7088080 1.7088080 1.7560056 1.6855462 1.6909516 1.6885407 1.6911892 1.6947138 1.6955721 1.6885407 1.4882891 1.5342160 1.4990225 1.5428180 1.4882891 1.4867602 1.5052150 1.5096893 1.5116105 0.0385571 0.6444895 0.6299678 0.0393411 0.0000000 0.0132821 0.0119490 0.0385571 0.0278403 0.0278403 1.4914115 1.4760512 1.4903518 1.4923883 1.4942756 1.4914115 1.4736577 1.4925483 1.5025771 1.5025771 1.5302575 1.5229057 1.5435289 
Norovirus_GV.1f    1.6234949 1.6387976 1.6771956 1.7065974 1.7215670 1.6120843 1.6565408 1.6542060 1.6644121 1.6632048 1.4316475 1.4681304 1.5066223 1.4551110 1.4999041 1.5146165 1.5116618 1.4238144 1.4340770 1.4482911 1.6963635 1.6963635 1.7451002 1.6765617 1.6754387 1.6774922 1.6801208 1.6841696 1.6850253 1.6774922 1.4768266 1.5383022 1.4904858 1.5528335 1.4768266 1.4706969 1.4936425 1.5003537 1.5022563 0.0389660 0.6417920 0.6274843 0.0349270 0.0132821 0.0000000 0.0039434 0.0389660 0.0229040 0.0229040 1.4799318 1.4664316 1.4812578 1.4821972 1.4840736 1.4799318 1.4639153 1.4834468 1.4932647 1.4932647 1.5264755 1.5202329 1.5386582 
Norovirus_GV.1g    1.6211693 1.6395148 1.6839473 1.7134526 1.7285136 1.6127947 1.6632224 1.6608774 1.6711252 1.6699044 1.4356229 1.4671389 1.5093105 1.4556304 1.4987461 1.5129417 1.5099894 1.4277551 1.4380486 1.4522885 1.6971696 1.6971696 1.7481913 1.6795432 1.6784233 1.6804848 1.6831187 1.6871655 1.6880219 1.6804848 1.4746268 1.5364212 1.4854976 1.5494524 1.4746268 1.4685020 1.4914331 1.4980769 1.4999754 0.0375855 0.6413716 0.6251534 0.0349533 0.0119490 0.0039434 0.0000000 0.0375855 0.0215495 0.0215495 1.4777308 1.4641758 1.4777012 1.4799380 1.4818125 1.4777308 1.4616505 1.4798876 1.4909918 1.4909918 1.5202372 1.5229492 1.5384879 
Norovirus_GV.1h    1.6389002 1.6307686 1.6743303 1.6993715 1.7193500 1.6018459 1.6541795 1.6518492 1.6608170 1.6608347 1.4280732 1.4771623 1.5043369 1.4579230 1.4920368 1.5052753 1.5023491 1.4261257 1.4284611 1.4407038 1.7147682 1.7147682 1.7519758 1.6787297 1.6920254 1.6833247 1.6859531 1.6882871 1.6891408 1.6833247 1.4692695 1.5183557 1.4720307 1.5401276 1.4692695 1.4625474 1.4841864 1.4899640 1.4950886 0.0000010 0.6477202 0.6340413 0.0422323 0.0385571 0.0389660 0.0375855 0.0000000 0.0369591 0.0369591 1.4714872 1.4586521 1.4531122 1.4735568 1.4754176 1.4714872 1.4458285 1.4557735 1.4829153 1.4829153 1.5065813 1.5146709 1.5182544 
Norovirus_GV.1i    1.6155886 1.6229021 1.6697493 1.7021845 1.7171187 1.5981101 1.6609618 1.6586205 1.6688533 1.6676372 1.4383766 1.4694707 1.5107272 1.4601435 1.4989945 1.4989086 1.4959825 1.4265001 1.4326006 1.4525018 1.7039734 1.7039734 1.7455430 1.6804049 1.6826911 1.6750690 1.6776944 1.6853176 1.6861743 1.6750690 1.4664236 1.5201171 1.4863667 1.5365672 1.4664236 1.4603359 1.4822275 1.4952469 1.5003885 0.0369591 0.6450443 0.6361326 0.0299272 0.0278403 0.0229040 0.0215495 0.0369591 0.0000000 0.0000010 1.4739696 1.4614238 1.4708422 1.4762211 1.4780890 1.4739696 1.4529512 1.4730215 1.4881775 1.4881775 1.5207846 1.5243696 1.5327592 
Norovirus_GV.1j    1.6155886 1.6229021 1.6697493 1.7021845 1.7171187 1.5981101 1.6609618 1.6586205 1.6688533 1.6676372 1.4383766 1.4694707 1.5107272 1.4601435 1.4989945 1.4989086 1.4959825 1.4265001 1.4326006 1.4525018 1.7039734 1.7039734 1.7455430 1.6804049 1.6826911 1.6750690 1.6776944 1.6853176 1.6861743 1.6750690 1.4664236 1.5201171 1.4863667 1.5365672 1.4664236 1.4603359 1.4822275 1.4952469 1.5003885 0.0369591 0.6450443 0.6361326 0.0299272 0.0278403 0.0229040 0.0215495 0.0369591 0.0000010 0.0000000 1.4739696 1.4614238 1.4708422 1.4762211 1.4780890 1.4739696 1.4529512 1.4730215 1.4881775 1.4881775 1.5207846 1.5243696 1.5327592 
Norovirus_GVI.1a   1.1642945 1.1756296 1.2179041 1.2199585 1.2445824 1.1672784 1.2007233 1.1976697 1.2008536 1.2040570 0.6341624 0.6264316 0.6282126 0.6085997 0.6035801 0.6162254 0.6053915 0.6382950 0.6356678 0.6494566 1.2378320 1.2378320 1.2578111 1.2320109 1.2220414 1.2237615 1.2252500 1.2167700 1.2144379 1.2237615 0.0189471 0.3986411 0.6081956 0.4021535 0.0189471 0.0189750 0.0245589 0.0946579 0.0958802 1.4714872 1.5184502 1.5044010 1.4806111 1.4914115 1.4799318 1.4777308 1.4714872 1.4739696 1.4739696 0.0000000 0.0864909 0.1092366 0.0890935 0.0890802 0.0000010 0.1126958 0.1093110 0.0970497 0.0970497 0.6043937 0.6284000 0.6351093 
Norovirus_GVI.1b   1.1718641 1.1657748 1.1988419 1.2063947 1.2315313 1.1486638 1.1836134 1.1806013 1.1837540 1.1869295 0.6331050 0.6193533 0.6258136 0.5984518 0.6008145 0.6143698 0.6063865 0.6296739 0.6354735 0.6463934 1.2161234 1.2161234 1.2382583 1.2030285 1.1992742 1.2071895 1.2086586 1.2039806 1.2016680 1.2071895 0.0797574 0.3909954 0.5747694 0.3938374 0.0797574 0.0814838 0.0889799 0.0326653 0.0341085 1.4586521 1.4767356 1.4685609 1.4629737 1.4760512 1.4664316 1.4641758 1.4586521 1.4614238 1.4614238 0.0864909 0.0000000 0.0828209 0.0237781 0.0244854 0.0864909 0.0947171 0.0851740 0.0321433 0.0321433 0.5910879 0.6279444 0.6285026 
Norovirus_GVI.1c   1.1595998 1.1403114 1.1997469 1.2089356 1.2299277 1.1283860 1.1875120 1.1845106 1.1866700 1.1912170 0.6388930 0.6118892 0.6272654 0.5925933 0.5995106 0.6001505 0.5920696 0.6333390 0.6297213 0.6378411 1.2049345 1.2049345 1.2209346 1.1979037 1.1950746 1.1980169 1.1994799 1.1903112 1.1880152 1.1980169 0.1027622 0.4062225 0.5806548 0.4086768 0.1027622 0.1062399 0.1135610 0.0975076 0.0991559 1.4531122 1.4890670 1.4742909 1.4733030 1.4903518 1.4812578 1.4777012 1.4531122 1.4708422 1.4708422 0.1092366 0.0828209 0.0000000 0.0884198 0.0876232 0.1092366 0.0953542 0.0026596 0.0965133 0.0965133 0.5910000 0.6282106 0.6139993 
Norovirus_GVI.1d   1.1772929 1.1632263 1.2123063 1.2147510 1.2399670 1.1502083 1.1919176 1.1888919 1.1920529 1.1952351 0.6420630 0.6259323 0.6287374 0.6074494 0.6064630 0.6135469 0.6071644 0.6387840 0.6388078 0.6485799 1.2246784 1.2246784 1.2526391 1.2157557 1.2094794 1.2176235 1.2190993 1.2144086 1.2120901 1.2176235 0.0806486 0.4002083 0.5849224 0.4000056 0.0806486 0.0837071 0.0899171 0.0436373 0.0443951 1.4735568 1.4900378 1.4827232 1.4761688 1.4923883 1.4821972 1.4799380 1.4735568 1.4762211 1.4762211 0.0890935 0.0237781 0.0884198 0.0000000 0.0006607 0.0890935 0.0979928 0.0875337 0.0479821 0.0479821 0.5913956 0.6308591 0.6292801 
Norovirus_GVI.1e   1.1787344 1.1646529 1.2137936 1.2162486 1.2414974 1.1516197 1.1933845 1.1903540 1.1935191 1.1967049 0.6424304 0.6242601 0.6287398 0.6058029 0.6073553 0.6153484 0.6089548 0.6391501 0.6391730 0.6493653 1.2261943 1.2261943 1.2541960 1.2172634 1.2109810 1.2191344 1.2206122 1.2159139 1.2135929 1.2191344 0.0806368 0.4008366 0.5833054 0.4001818 0.0806368 0.0836948 0.0899036 0.0436794 0.0444379 1.4754176 1.4919239 1.4845993 1.4780377 1.4942756 1.4840736 1.4818125 1.4754176 1.4780890 1.4780890 0.0890802 0.0244854 0.0876232 0.0006607 0.0000000 0.0890802 0.0979122 0.0867389 0.0480283 0.0480283 0.5897785 0.6308616 0.6301986 
Norovirus_GVI.1f   1.1642945 1.1756296 1.2179041 1.2199585 1.2445824 1.1672784 1.2007233 1.1976697 1.2008536 1.2040570 0.6341624 0.6264316 0.6282126 0.6085997 0.6035801 0.6162254 0.6053915 0.6382950 0.6356678 0.6494566 1.2378320 1.2378320 1.2578111 1.2320109 1.2220414 1.2237615 1.2252500 1.2167700 1.2144379 1.2237615 0.0189471 0.3986411 0.6081956 0.4021535 0.0189471 0.0189750 0.0245589 0.0946579 0.0958802 1.4714872 1.5184502 1.5044010 1.4806111 1.4914115 1.4799318 1.4777308 1.4714872 1.4739696 1.4739696 0.0000010 0.0864909 0.1092366 0.0890935 0.0890802 0.0000000 0.1126958 0.1093110 0.0970497 0.0970497 0.6043937 0.6284000 0.6351093 
Norovirus_GVI.1g   1.1523812 1.1586470 1.1726225 1.1848326 1.2113271 1.1437581 1.1666914 1.1637278 1.1658676 1.1698900 0.6391576 0.6184728 0.6290792 0.6045647 0.6108798 0.6021486 0.5936876 0.6422155 0.6377238 0.6626577 1.2214032 1.2214032 1.2352407 1.2068941 1.2046982 1.2071032 1.2085723 1.1968979 1.1945952 1.2071032 0.1066576 0.4087225 0.5914530 0.4109318 0.1066576 0.1112400 0.1189722 0.1026855 0.1051777 1.4458285 1.4872740 1.4742319 1.4658120 1.4736577 1.4639153 1.4616505 1.4458285 1.4529512 1.4529512 0.1126958 0.0947171 0.0953542 0.0979928 0.0979122 0.1126958 0.0000000 0.0953410 0.1042295 0.1042295 0.5972738 0.6275217 0.6218816 
Norovirus_GVI.1h   1.1590774 1.1401166 1.1970083 1.2066935 1.2276591 1.1278843 1.1852933 1.1822964 1.1844534 1.1889974 0.6359343 0.6082891 0.6243256 0.5922282 0.5966635 0.5970423 0.5889882 0.6301014 0.6265086 0.6348882 1.2021653 1.2021653 1.2181277 1.1951424 1.1923163 1.1952482 1.1967089 1.1875619 1.1852685 1.1952482 0.1045381 0.4049976 0.5813628 0.4085944 0.1045381 0.1063122 0.1136378 0.0982549 0.0994060 1.4557735 1.4918930 1.4771069 1.4736665 1.4925483 1.4834468 1.4798876 1.4557735 1.4730215 1.4730215 0.1093110 0.0851740 0.0026596 0.0875337 0.0867389 0.1093110 0.0953410 0.0000000 0.0972591 0.0972591 0.5914510 0.6252667 0.6110978 
Norovirus_GVI.1i   1.1787092 1.1794708 1.2061484 1.2166661 1.2396052 1.1617733 1.1996385 1.1965866 1.1991773 1.2029721 0.6442615 0.6275226 0.6378589 0.5973898 0.6184246 0.6233807 0.6153322 0.6481170 0.6566703 0.6685031 1.2259536 1.2259536 1.2499589 1.2167669 1.2162200 1.2209752 1.2224600 1.2125420 1.2102164 1.2209752 0.0893231 0.3936793 0.5758256 0.4018316 0.0893231 0.0920716 0.0999187 0.0133767 0.0147374 1.4829153 1.4893317 1.4778106 1.4892459 1.5025771 1.4932647 1.4909918 1.4829153 1.4881775 1.4881775 0.0970497 0.0321433 0.0965133 0.0479821 0.0480283 0.0970497 0.1042295 0.0972591 0.0000000 0.0000010 0.5963254 0.6411582 0.6452385 
Norovirus_GVI.1j   1.1787092 1.1794708 1.2061484 1.2166661 1.2396052 1.1617733 1.1996385 1.1965866 1.1991773 1.2029721 0.6442615 0.6275226 0.6378589 0.5973898 0.6184246 0.6233807 0.6153322 0.6481170 0.6566703 0.6685031 1.2259536 1.2259536 1.2499589 1.2167669 1.2162200 1.2209752 1.2224600 1.2125420 1.2102164 1.2209752 0.0893231 0.3936793 0.5758256 0.4018316 0.0893231 0.0920716 0.0999187 0.0133767 0.0147374 1.4829153 1.4893317 1.4778106 1.4892459 1.5025771 1.4932647 1.4909918 1.4829153 1.4881775 1.4881775 0.0970497 0.0321433 0.0965133 0.0479821 0.0480283 0.0970497 0.1042295 0.0972591 0.0000010 0.0000000 0.5963254 0.6411582 0.6452385 
Norovirus_GVII.1a  1.1117611 1.0930417 1.1242303 1.1226135 1.1439804 1.0815269 1.1012138 1.0965186 1.1047727 1.1056588 0.6816876 0.6595268 0.6459984 0.6534051 0.6479086 0.6362683 0.6413237 0.6804473 0.6759001 0.6697035 1.2255482 1.2255482 1.2560721 1.2126483 1.2044685 1.2111626 1.2126969 1.2074366 1.2050914 1.2111626 0.6010599 0.6000393 0.1143486 0.6077635 0.6010599 0.6021493 0.6170827 0.5987884 0.6023797 1.5065813 1.5928942 1.5628463 1.5300158 1.5302575 1.5264755 1.5202372 1.5065813 1.5207846 1.5207846 0.6043937 0.5910879 0.5910000 0.5913956 0.5897785 0.6043937 0.5972738 0.5914510 0.5963254 0.5963254 0.0000000 0.6482796 0.6146072 
Norovirus_GVIII.1a 1.1359972 1.1546802 1.1209250 1.1385658 1.1617599 1.1199142 1.1341639 1.1313173 1.1365399 1.1408880 0.2667036 0.3894648 0.0121429 0.3766034 0.1550804 0.1253984 0.1267353 0.2588186 0.2587536 0.2595265 1.2773681 1.2773681 1.2997159 1.2618779 1.2701308 1.2704031 1.2749714 1.2585700 1.2601601 1.2704031 0.6234037 0.6283795 0.6568178 0.6170867 0.6234037 0.6232437 0.6379384 0.6425754 0.6442288 1.5146709 1.5338111 1.5085974 1.5129908 1.5229057 1.5202329 1.5229492 1.5146709 1.5243696 1.5243696 0.6284000 0.6279444 0.6282106 0.6308591 0.6308616 0.6284000 0.6275217 0.6252667 0.6411582 0.6411582 0.6482796 0.0000000 0.1410535 
Norwalk-like_virus 1.1317307 1.1503042 1.1045303 1.1235614 1.1424346 1.1299970 1.1081073 1.1053141 1.1104339 1.1078731 0.2700214 0.3954796 0.1374491 0.3722456 0.1350475 0.1161313 0.1157861 0.2681002 0.2704920 0.2665234 1.2940633 1.2940633 1.3110099 1.2742550 1.2776673 1.2787901 1.2834725 1.2707597 1.2723630 1.2787901 0.6316057 0.6187825 0.6358449 0.6185138 0.6316057 0.6340297 0.6449593 0.6448464 0.6473794 1.5182544 1.5107830 1.4895964 1.5307178 1.5435289 1.5386582 1.5384879 1.5182544 1.5327592 1.5327592 0.6351093 0.6285026 0.6139993 0.6292801 0.6301986 0.6351093 0.6218816 0.6110978 0.6452385 0.6452385 0.6146072 0.1410535 0.0000000 
