63
Norovirus_GI.1a	0.000000	1.076510	0.937706	0.990711	0.896798	0.986925	0.968731	0.971825	0.919944	0.917011	0.971031	1.040765	0.927337	1.159747	0.834732	0.982395	0.977427	0.747085	0.777720	0.849119	0.953425	0.953425	1.042294	0.969119	0.987026	0.978196	0.978196	1.015590	0.994312	0.978196	0.964837	0.888959	1.339254	0.875448	0.964837	0.911272	0.959483	0.964837	0.931357	0.946851	0.818404	0.630231	0.583410	0.668112	0.749573	0.771343	0.793113	0.818404	0.773948	0.773948	0.991535	1.000206	0.844281	0.912375	0.912375	0.991535	1.076684	0.842159	0.887076	0.887076	1.068477	0.961615	1.180482
Norovirus_GI.1b	1.076510	0.000000	0.863105	0.824892	0.828867	0.989567	0.676998	0.674672	0.667575	0.680847	0.961940	0.807656	0.787324	1.064145	0.793275	0.844092	0.890567	0.794468	0.802030	0.889314	1.238946	1.238946	1.290467	1.232664	1.211492	1.188664	1.218296	1.285133	1.246117	1.188664	0.966970	1.024500	1.167170	0.876197	0.966970	0.827268	0.883499	0.966970	1.079704	1.066873	0.963449	0.715851	0.692875	0.863225	0.885180	0.898460	0.938788	0.963449	0.917443	0.917443	0.917467	1.052698	0.838039	0.987858	0.987858	0.917467	0.988311	0.836609	1.054816	1.054816	1.103811	0.779816	0.962661
Norovirus_GI.1c	0.937706	0.863105	0.000000	0.848528	1.148315	0.924938	0.935414	0.925820	0.950146	0.792118	1.079019	1.249127	0.916213	1.373246	1.036360	0.988110	1.054171	0.938774	0.928298	0.933935	1.015900	1.015900	1.127542	0.947907	0.987853	0.975158	0.971482	1.060251	1.037430	0.975158	0.984153	0.974945	1.317699	1.094390	0.984153	0.982482	0.998507	0.984153	1.020073	1.024490	0.961527	0.774755	0.819244	0.901554	0.874331	0.874217	0.908031	0.961527	0.920314	0.920314	1.067284	0.953898	0.930413	1.008393	1.008393	1.067284	1.036117	0.925927	0.975761	0.975761	1.179049	0.899510	1.138511
Norovirus_GI.1d	0.990711	0.824892	0.848528	0.000000	1.362770	0.877254	0.980581	1.042372	1.003697	0.912871	0.930850	1.235883	0.896815	1.237065	0.997580	0.852927	0.912210	0.862830	0.865331	0.876536	1.048835	1.048835	1.083437	0.973141	1.033090	0.995638	0.986265	1.084535	1.065433	0.995638	0.909125	0.958693	1.256940	1.009377	0.909125	0.878101	0.917830	0.909125	0.913758	0.911711	0.978183	0.681497	0.720280	0.867140	0.830197	0.853045	0.879241	0.978183	0.888077	0.888077	0.992512	0.880097	0.808016	0.923911	0.923911	0.992512	0.932661	0.804621	0.899046	0.899046	1.151986	0.880713	1.053126
Norovirus_GI.1e	0.896798	0.828867	1.148315	1.362770	0.000000	0.847382	1.135292	1.214115	1.116718	1.083791	1.008023	1.253439	0.918922	1.295859	1.054509	0.893260	0.947919	0.951961	0.961869	0.977741	0.924868	0.924868	0.976926	0.827776	0.901468	0.847649	0.831358	0.938115	0.936125	0.847649	0.964363	1.084782	1.278561	1.153292	0.964363	0.937376	0.984336	0.964363	0.955808	0.961188	0.994189	0.722775	0.746233	0.868485	0.847158	0.864440	0.892893	0.994189	0.908896	0.908896	1.043392	0.943925	0.858452	1.001179	1.001179	1.043392	1.022080	0.851747	0.938550	0.938550	1.164460	0.905175	1.098585
Norovirus_GI.1f	0.986925	0.989567	0.924938	0.877254	0.847382	0.000000	0.783327	0.779525	0.772343	0.779601	1.018260	0.927825	0.825574	1.075740	0.890525	1.027749	1.017985	0.858243	0.827797	0.938286	0.915898	0.915898	1.120357	0.957382	0.912906	0.945797	0.935063	0.999912	0.984024	0.945797	0.844550	1.038353	1.326447	0.985719	0.844550	0.774981	0.815934	0.844550	0.887177	0.905560	0.906995	0.672308	0.639673	0.790827	0.817362	0.874813	0.908771	0.906995	0.896062	0.896062	0.875838	0.864559	0.830418	0.830505	0.830505	0.875838	0.931402	0.828261	0.847463	0.847463	1.148628	0.820126	1.045842
Norovirus_GI.1g	0.968731	0.676998	0.935414	0.980581	1.135292	0.783327	0.000000	1.000000	1.154701	1.000000	0.922745	1.139008	0.803045	1.192323	0.992838	0.931668	0.997218	0.848272	0.858391	0.898151	1.078427	1.078427	1.133313	1.004643	1.055469	1.029283	1.036341	1.122880	1.096508	1.029283	0.949055	0.843655	1.283138	0.982060	0.949055	0.868581	0.933847	0.949055	0.930712	0.927591	1.027356	0.587051	0.615856	0.931929	0.877616	0.932999	0.962434	1.027356	0.972336	0.972336	1.000513	0.990208	0.795999	0.975169	0.975169	1.000513	0.994891	0.793654	0.906519	0.906519	1.170362	0.789147	1.100587
Norovirus_GI.1h	0.971825	0.674672	0.925820	1.042372	1.214115	0.779525	1.000000	0.000000	1.224745	1.000000	0.924886	1.152444	0.815157	1.198956	0.996995	0.942833	1.008478	0.868284	0.867002	0.899502	1.070369	1.070369	1.131048	1.001905	1.047234	1.026611	1.027953	1.115143	1.089114	1.026611	0.956270	0.870868	1.288961	1.027701	0.956270	0.875693	0.940226	0.956270	0.940677	0.937589	1.032376	0.598309	0.632517	0.933012	0.880993	0.936176	0.965514	1.032376	0.973374	0.973374	1.008008	0.999115	0.805685	0.978657	0.978657	1.008008	0.995681	0.803368	0.914731	0.914731	1.174295	0.799946	1.108529
Norovirus_GI.1i	0.919944	0.667575	0.950146	1.003697	1.116718	0.772343	1.154701	1.224745	0.000000	0.881917	0.908656	1.138331	0.800184	1.168601	0.988048	0.925095	0.990834	0.868203	0.860998	0.882777	1.057815	1.057815	1.108517	0.985433	1.030856	1.009527	1.010392	1.097691	1.072747	1.009527	0.943254	0.860544	1.280735	1.019483	0.943254	0.859356	0.928718	0.943254	0.926016	0.924875	0.991995	0.621898	0.654656	0.890588	0.843696	0.899644	0.928590	0.991995	0.935441	0.935441	0.992382	0.988444	0.784851	0.970229	0.970229	0.992382	0.991941	0.781571	0.900057	0.900057	1.171464	0.786234	1.085459
Norovirus_GI.1j	0.917011	0.680847	0.792118	0.912871	1.083791	0.779601	1.000000	1.000000	0.881917	0.000000	0.938666	1.166221	0.812249	1.211237	0.997650	0.908658	0.974099	0.883489	0.880906	0.910821	1.038906	1.038906	1.116360	0.982575	1.029509	1.007755	1.008423	1.098493	1.073205	1.007755	0.974220	0.885127	1.276878	1.052065	0.974220	0.893612	0.960255	0.974220	0.939712	0.936621	1.001751	0.614996	0.648371	0.899009	0.847745	0.904020	0.932215	1.001751	0.941706	0.941706	1.023756	1.012501	0.800324	0.996754	0.996754	1.023756	1.008202	0.797992	0.928723	0.928723	1.158612	0.796982	1.079533
Norovirus_GII.1a	0.971031	0.961940	1.079019	0.930850	1.008023	1.018260	0.922745	0.924886	0.908656	0.938666	0.000000	0.676452	1.083087	0.937075	0.926110	0.974058	0.938026	0.974295	1.188837	0.787152	1.113052	1.113052	1.026293	1.070824	1.083692	1.051160	1.051160	1.119074	1.083272	1.051160	0.872119	0.811928	1.294859	0.853320	0.872119	0.809536	0.890579	0.872119	0.790730	0.781413	0.879051	0.953356	0.979229	0.830332	0.890022	0.942308	0.942308	0.879051	0.946442	0.946442	0.895378	0.778139	0.872689	0.786835	0.786835	0.895378	0.776662	0.875568	0.809263	0.809263	1.404861	1.027495	1.090536
Norovirus_GII.1b	1.040765	0.807656	1.249127	1.235883	1.253439	0.927825	1.139008	1.152444	1.138331	1.166221	0.676452	0.000000	0.934942	0.844932	0.859257	0.832521	0.806299	0.895072	0.901566	0.692970	1.136298	1.136298	0.936342	1.056874	1.040151	1.033162	1.031735	1.085095	1.042630	1.033162	0.670574	0.680767	1.409550	0.731458	0.670574	0.601874	0.638961	0.670574	0.613345	0.626075	0.844615	1.135059	1.133218	0.829416	0.909901	0.922255	0.922255	0.844615	0.918617	0.918617	0.678373	0.631895	0.511871	0.694424	0.694424	0.678373	0.667067	0.518459	0.697184	0.697184	1.403970	0.949655	0.810159
Norovirus_GII.1c	0.927337	0.787324	0.916213	0.896815	0.918922	0.825574	0.803045	0.815157	0.800184	0.812249	1.083087	0.934942	0.000000	0.866872	0.778304	1.144758	1.161241	0.962971	0.955080	1.103189	0.943499	0.943499	0.946969	0.887756	0.901201	0.872040	0.872040	0.964709	0.937289	0.872040	1.088989	0.986016	1.173894	1.193775	1.088989	1.016233	0.985768	1.088989	0.930064	0.910330	0.813470	0.778754	0.766356	0.824938	0.713000	0.844014	0.844014	0.813470	0.836821	0.836821	1.030205	0.921917	0.972739	0.966791	0.966791	1.030205	1.056037	0.973283	0.916428	0.916428	1.230443	0.577350	1.010275
Norovirus_GII.1d	1.159747	1.064145	1.373246	1.237065	1.295859	1.075740	1.192323	1.198956	1.168601	1.211237	0.937075	0.844932	0.866872	0.000000	1.104035	0.892819	0.835835	0.934804	0.910596	0.846113	0.940612	0.940612	0.839545	0.857257	0.853058	0.833694	0.832276	0.894420	0.876346	0.833694	0.722953	0.738156	1.281229	0.838135	0.722953	0.636273	0.693561	0.722953	0.702002	0.726723	0.973011	0.899275	0.884964	0.995335	0.977039	1.006963	1.010470	0.973011	0.992752	0.992752	0.739622	0.740449	0.674425	0.813078	0.813078	0.739622	0.785203	0.682890	0.753863	0.753863	1.318251	0.905910	1.195706
Norovirus_GII.1e	0.834732	0.793275	1.036360	0.997580	1.054509	0.890525	0.992838	0.996995	0.988048	0.997650	0.926110	0.859257	0.778304	1.104035	0.000000	0.842332	0.809866	0.845260	0.803934	1.154623	1.114299	1.114299	1.163535	1.106208	1.125339	1.123322	1.103929	1.179007	1.145080	1.123322	0.985490	0.826134	1.239405	0.998446	0.985490	1.023060	0.893497	0.985490	0.870567	0.885447	0.850854	0.932848	0.959843	0.912627	0.748837	0.892948	0.892948	0.850854	0.902246	0.902246	0.982378	0.863338	0.887172	0.890732	0.890732	0.982378	0.973376	0.886533	0.843408	0.843408	1.241055	0.773422	0.909978
Norovirus_GII.1f	0.982395	0.844092	0.988110	0.852927	0.893260	1.027749	0.931668	0.942833	0.925095	0.908658	0.974058	0.832521	1.144758	0.892819	0.842332	0.000000	0.866025	1.103483	1.102540	1.094040	1.131674	1.131674	1.097389	1.092247	1.098198	1.094257	1.073737	1.152665	1.129815	1.094257	0.927059	0.873895	1.250450	1.061412	0.927059	0.828416	0.945226	0.927059	0.818790	0.812282	0.828108	0.733678	0.758757	0.869813	0.744655	0.867776	0.867776	0.828108	0.869936	0.869936	0.944707	0.835928	0.949013	0.882367	0.882367	0.944707	0.946203	0.955345	0.867640	0.867640	1.333916	1.104399	0.977931
Norovirus_GII.1g	0.977427	0.890567	1.054171	0.912210	0.947919	1.017985	0.997218	1.008478	0.990834	0.974099	0.938026	0.806299	1.161241	0.835835	0.809866	0.866025	0.000000	1.059323	1.060734	1.092321	1.082442	1.082442	1.050481	1.039250	1.051154	1.045291	1.025344	1.097235	1.081886	1.045291	0.892267	0.851612	1.222786	0.967230	0.892267	0.809383	0.927109	0.892267	0.810708	0.815056	0.863298	0.756477	0.765858	0.887778	0.831610	0.900978	0.900978	0.863298	0.894511	0.894511	0.917721	0.843488	0.949308	0.881894	0.881894	0.917721	0.944188	0.956962	0.859749	0.859749	1.291626	1.036375	1.066004
Norovirus_GII.1h	0.747085	0.794468	0.938774	0.862830	0.951961	0.858243	0.848272	0.868284	0.868203	0.883489	0.974295	0.895072	0.962971	0.934804	0.845260	1.103483	1.059323	0.000000	0.957427	1.112493	1.063898	1.063898	1.080088	1.019694	1.017273	0.999248	0.999248	1.070632	1.042166	0.999248	0.908257	0.698150	1.060071	0.765390	0.908257	0.890534	0.896033	0.908257	0.777005	0.757684	0.856814	0.827973	0.826134	0.877754	0.893157	0.874843	0.874843	0.856814	0.869957	0.869957	0.912272	0.826542	0.908148	0.870225	0.870225	0.912272	0.818026	0.916855	0.811483	0.811483	1.107694	0.983706	1.172804
Norovirus_GII.1i	0.777720	0.802030	0.928298	0.865331	0.961869	0.827797	0.858391	0.867002	0.860998	0.880906	1.188837	0.901566	0.955080	0.910596	0.803934	1.102540	1.060734	0.957427	0.000000	1.212418	1.060964	1.060964	1.062631	1.014022	1.037982	0.991267	0.991267	1.066242	1.037656	0.991267	0.901101	0.792281	1.084240	0.823570	0.901101	0.909554	0.901085	0.901101	0.797146	0.778344	0.847755	0.889317	0.902037	0.881308	0.890160	0.875350	0.875350	0.847755	0.873935	0.873935	0.928201	0.819764	0.875710	0.835726	0.835726	0.928201	0.852146	0.883363	0.810346	0.810346	1.153352	0.953325	1.148792
Norovirus_GII.1j	0.849119	0.889314	0.933935	0.876536	0.977741	0.938286	0.898151	0.899502	0.882777	0.910821	0.787152	0.692970	1.103189	0.846113	1.154623	1.094040	1.092321	1.112493	1.212418	0.000000	1.026854	1.026854	1.023556	0.982139	1.009284	0.965717	0.965717	1.044011	1.014799	0.965717	0.973560	0.799315	1.099670	0.753536	0.973560	1.019505	0.916449	0.973560	0.806446	0.797590	0.882487	0.908302	0.917123	0.933630	0.936967	0.932773	0.932773	0.882487	0.941951	0.941951	0.989559	0.880726	0.882230	0.911835	0.911835	0.989559	0.917071	0.886305	0.803085	0.803085	1.167942	1.101014	1.303173
Norovirus_GIII.1a	0.953425	1.238946	1.015900	1.048835	0.924868	0.915898	1.078427	1.070369	1.057815	1.038906	1.113052	1.136298	0.943499	0.940612	1.114299	1.131674	1.082442	1.063898	1.060964	1.026854	0.000000	0.000000	1.333995	1.067708	1.019804	1.113553	1.113553	1.169045	1.169045	1.113553	1.101920	1.065882	1.009937	0.981889	1.101920	1.082803	1.105312	1.101920	1.139478	1.163972	1.203149	1.052554	0.977807	1.235584	1.102489	1.117860	1.137626	1.203149	1.143763	1.143763	1.144402	1.168446	1.145562	1.086939	1.086939	1.144402	1.274499	1.147863	1.096521	1.096521	0.902203	0.942404	1.100098
Norovirus_GIII.1b	0.953425	1.238946	1.015900	1.048835	0.924868	0.915898	1.078427	1.070369	1.057815	1.038906	1.113052	1.136298	0.943499	0.940612	1.114299	1.131674	1.082442	1.063898	1.060964	1.026854	0.000000	0.000000	1.333995	1.067708	1.019804	1.113553	1.113553	1.169045	1.169045	1.113553	1.101920	1.065882	1.009937	0.981889	1.101920	1.082803	1.105312	1.101920	1.139478	1.163972	1.203149	1.052554	0.977807	1.235584	1.102489	1.117860	1.137626	1.203149	1.143763	1.143763	1.144402	1.168446	1.145562	1.086939	1.086939	1.144402	1.274499	1.147863	1.096521	1.096521	0.902203	0.942404	1.100098
Norovirus_GIII.1c	1.042294	1.290467	1.127542	1.083437	0.976926	1.120357	1.133313	1.131048	1.108517	1.116360	1.026293	0.936342	0.946969	0.839545	1.163535	1.097389	1.050481	1.080088	1.062631	1.023556	1.333995	1.333995	0.000000	1.233048	1.172241	1.081697	1.081697	1.136515	1.091089	1.081697	1.015773	1.009892	1.041680	0.929996	1.015773	0.981172	1.029724	1.015773	1.064355	1.092343	1.245638	1.009204	0.963261	1.325626	1.153178	1.186764	1.195274	1.245638	1.190140	1.190140	1.020081	1.084980	1.005984	1.035671	1.035671	1.020081	1.239103	1.005625	1.036591	1.036591	0.966871	0.943831	1.063910
Norovirus_GIII.1d	0.969119	1.232664	0.947907	0.973141	0.827776	0.957382	1.004643	1.001905	0.985433	0.982575	1.070824	1.056874	0.887756	0.857257	1.106208	1.092247	1.039250	1.019694	1.014022	0.982139	1.067708	1.067708	1.233048	0.000000	1.021981	0.683130	0.683130	1.258306	1.258306	0.683130	1.029061	1.025110	0.968670	0.957502	1.029061	0.994020	1.035236	1.029061	1.065880	1.093344	1.201675	0.930021	0.871477	1.239630	1.105867	1.123635	1.139130	1.201675	1.133716	1.133716	1.047789	1.074934	1.056695	1.039573	1.039573	1.047789	1.245536	1.057732	1.025244	1.025244	0.909409	0.890378	1.046991
Norovirus_GIII.1e	0.987026	1.211492	0.987853	1.033090	0.901468	0.912906	1.055469	1.047234	1.030856	1.029509	1.083692	1.040151	0.901201	0.853058	1.125339	1.098198	1.051154	1.017273	1.037982	1.009284	1.019804	1.019804	1.172241	1.021981	0.000000	1.000000	1.000000	0.666667	0.666667	1.000000	1.058169	1.004979	0.998050	0.958691	1.058169	1.026399	1.065213	1.058169	1.098135	1.125213	1.212219	0.997036	0.920882	1.246661	1.116935	1.134521	1.151631	1.212219	1.152595	1.152595	1.084233	1.108770	1.089334	1.069964	1.069964	1.084233	1.275195	1.090969	1.059954	1.059954	0.917851	0.902717	1.040826
Norovirus_GIII.1f	0.978196	1.188664	0.975158	0.995638	0.847649	0.945797	1.029283	1.026611	1.009527	1.007755	1.051160	1.033162	0.872040	0.833694	1.123322	1.094257	1.045291	0.999248	0.991267	0.965717	1.113553	1.113553	1.081697	0.683130	1.000000	0.000000	0.000000	1.224745	1.224745	0.000000	1.017043	1.023984	0.959722	0.955042	1.017043	0.982089	1.028639	1.017043	1.071500	1.099917	1.228797	0.947797	0.889082	1.264150	1.134648	1.147903	1.165558	1.228797	1.159580	1.159580	1.040183	1.073910	1.048202	1.034728	1.034728	1.040183	1.238941	1.050664	1.025239	1.025239	0.900348	0.876116	1.046710
Norovirus_GIII.1g	0.978196	1.218296	0.971482	0.986265	0.831358	0.935063	1.036341	1.027953	1.010392	1.008423	1.051160	1.031735	0.872040	0.832276	1.103929	1.073737	1.025344	0.999248	0.991267	0.965717	1.113553	1.113553	1.081697	0.683130	1.000000	0.000000	0.000000	1.224745	1.118034	0.000000	1.014166	1.009773	0.936943	0.944296	1.014166	0.982089	1.023772	1.014166	1.056222	1.083250	1.231902	0.950481	0.890576	1.272205	1.138909	1.153132	1.170227	1.231902	1.165850	1.165850	1.034811	1.065994	1.036704	1.026287	1.026287	1.034811	1.230828	1.038457	1.016367	1.016367	0.875492	0.876116	1.023538
Norovirus_GIII.1h	1.015590	1.285133	1.060251	1.084535	0.938115	0.999912	1.122880	1.115143	1.097691	1.098493	1.119074	1.085095	0.964709	0.894420	1.179007	1.152665	1.097235	1.070632	1.066242	1.044011	1.169045	1.169045	1.136515	1.258306	0.666667	1.224745	1.224745	0.000000	1.000000	1.224745	1.061151	1.062128	0.981362	0.988533	1.061151	1.041563	1.070121	1.061151	1.114744	1.144057	1.250814	1.014757	0.953022	1.287647	1.154584	1.174648	1.189548	1.250814	1.187707	1.187707	1.084240	1.123716	1.116700	1.089423	1.089423	1.084240	1.289687	1.119011	1.072261	1.072261	0.911721	0.963284	1.087449
Norovirus_GIII.1i	0.994312	1.246117	1.037430	1.065433	0.936125	0.984024	1.096508	1.089114	1.072747	1.073205	1.083272	1.042630	0.937289	0.876346	1.145080	1.129815	1.081886	1.042166	1.037656	1.014799	1.169045	1.169045	1.091089	1.258306	0.666667	1.224745	1.118034	1.000000	0.000000	1.224745	1.053254	1.062185	0.997058	0.984657	1.053254	1.026652	1.060518	1.053254	1.105809	1.135353	1.201086	0.991409	0.936626	1.241228	1.125387	1.123327	1.138403	1.201086	1.136479	1.136479	1.081024	1.106943	1.096243	1.071056	1.071056	1.081024	1.274210	1.098598	1.062969	1.062969	0.913619	0.935821	1.059502
Norovirus_GIII.1j	0.978196	1.188664	0.975158	0.995638	0.847649	0.945797	1.029283	1.026611	1.009527	1.007755	1.051160	1.033162	0.872040	0.833694	1.123322	1.094257	1.045291	0.999248	0.991267	0.965717	1.113553	1.113553	1.081697	0.683130	1.000000	0.000000	0.000000	1.224745	1.224745	0.000000	1.017043	1.023984	0.959722	0.955042	1.017043	0.982089	1.028639	1.017043	1.071500	1.099917	1.228797	0.947797	0.889082	1.264150	1.134648	1.147903	1.165558	1.228797	1.159580	1.159580	1.040183	1.073910	1.048202	1.034728	1.034728	1.040183	1.238941	1.050664	1.025239	1.025239	0.900348	0.876116	1.046710
Norovirus_GIV.1a	0.964837	0.966970	0.984153	0.909125	0.964363	0.844550	0.949055	0.956270	0.943254	0.974220	0.872119	0.670574	1.088989	0.722953	0.985490	0.927059	0.892267	0.908257	0.901101	0.973560	1.101920	1.101920	1.015773	1.029061	1.058169	1.017043	1.014166	1.061151	1.053254	1.017043	0.000000	1.130076	1.340131	0.992597	0.000000	1.080123	0.800000	0.000000	0.981981	1.074377	1.014502	1.100253	1.096410	1.034901	0.960907	0.991533	0.998008	1.014502	0.983779	0.983779	1.133893	1.088662	1.115537	0.949744	0.949744	1.133893	0.944588	1.143748	1.079021	1.079021	1.419184	1.130643	0.942379
Norovirus_GIV.1b	0.888959	1.024500	0.974945	0.958693	1.084782	1.038353	0.843655	0.870868	0.860544	0.885127	0.811928	0.680767	0.986016	0.738156	0.826134	0.873895	0.851612	0.698150	0.792281	0.799315	1.065882	1.065882	1.009892	1.025110	1.004979	1.023984	1.009773	1.062128	1.062185	1.023984	1.130076	0.000000	1.360439	0.896361	1.130076	1.173829	1.125779	1.130076	0.976914	0.997919	0.779618	0.894837	0.869859	0.867324	0.796716	0.799025	0.799025	0.779618	0.770454	0.770454	1.240394	0.965038	1.163208	0.928597	0.928597	1.240394	1.103245	1.163208	0.934227	0.934227	1.251457	1.026728	0.959344
Norovirus_GIV.1c	1.339254	1.167170	1.317699	1.256940	1.278561	1.326447	1.283138	1.288961	1.280735	1.276878	1.294859	1.409550	1.173894	1.281229	1.239405	1.250450	1.222786	1.060071	1.084240	1.099670	1.009937	1.009937	1.041680	0.968670	0.998050	0.959722	0.936943	0.981362	0.997058	0.959722	1.340131	1.360439	0.000000	1.328494	1.340131	1.369811	1.389559	1.340131	1.355557	1.358682	1.315893	1.201604	1.135669	1.313589	1.255134	1.285402	1.285692	1.315893	1.272060	1.272060	1.351474	1.365652	1.440648	1.364672	1.364672	1.351474	1.431762	1.447716	1.343454	1.343454	0.820099	1.165331	1.375646
Norovirus_GIV.1d	0.875448	0.876197	1.094390	1.009377	1.153292	0.985719	0.982060	1.027701	1.019483	1.052065	0.853320	0.731458	1.193775	0.838135	0.998446	1.061412	0.967230	0.765390	0.823570	0.753536	0.981889	0.981889	0.929996	0.957502	0.958691	0.955042	0.944296	0.988533	0.984657	0.955042	0.992597	0.896361	1.328494	0.000000	0.992597	1.030145	0.978381	0.992597	0.840988	0.836845	0.837240	0.856698	0.816993	0.962368	0.850207	0.856548	0.856548	0.837240	0.813412	0.813412	1.050283	0.845193	1.037258	0.805189	0.805189	1.050283	1.004993	1.037258	0.794738	0.794738	1.206341	1.201557	1.091943
Norovirus_GIV.1e	0.964837	0.966970	0.984153	0.909125	0.964363	0.844550	0.949055	0.956270	0.943254	0.974220	0.872119	0.670574	1.088989	0.722953	0.985490	0.927059	0.892267	0.908257	0.901101	0.973560	1.101920	1.101920	1.015773	1.029061	1.058169	1.017043	1.014166	1.061151	1.053254	1.017043	0.000000	1.130076	1.340131	0.992597	0.000000	1.080123	0.800000	0.000000	0.981981	1.074377	1.014502	1.100253	1.096410	1.034901	0.960907	0.991533	0.998008	1.014502	0.983779	0.983779	1.133893	1.088662	1.115537	0.949744	0.949744	1.133893	0.944588	1.143748	1.079021	1.079021	1.419184	1.130643	0.942379
Norovirus_GIV.1f	0.911272	0.827268	0.982482	0.878101	0.937376	0.774981	0.868581	0.875693	0.859356	0.893612	0.809536	0.601874	1.016233	0.636273	1.023060	0.828416	0.809383	0.890534	0.909554	1.019505	1.082803	1.082803	0.981172	0.994020	1.026399	0.982089	0.982089	1.041563	1.026652	0.982089	1.080123	1.173829	1.369811	1.030145	1.080123	0.000000	0.960324	1.080123	1.015315	1.115396	0.983112	1.072119	1.068666	1.006741	0.946479	0.969322	0.978019	0.983112	0.962890	0.962890	1.105542	0.999326	1.139916	0.998941	0.998941	1.105542	1.007081	1.153333	1.078980	1.078980	1.456410	1.048336	0.924660
Norovirus_GIV.1g	0.959483	0.883499	0.998507	0.917830	0.984336	0.815934	0.933847	0.940226	0.928718	0.960255	0.890579	0.638961	0.985768	0.693561	0.893497	0.945226	0.927109	0.896033	0.901085	0.916449	1.105312	1.105312	1.029724	1.035236	1.065213	1.028639	1.023772	1.070121	1.060518	1.028639	0.800000	1.125779	1.389559	0.978381	0.800000	0.960324	0.000000	0.800000	0.878852	0.979634	1.042998	1.158521	1.147824	1.065819	0.999077	1.024655	1.035287	1.042998	1.022534	1.022534	0.995227	0.869835	1.067528	0.807373	0.807373	0.995227	0.833849	1.092290	0.899383	0.899383	1.458244	1.022107	0.809299
Norovirus_GIV.1h	0.964837	0.966970	0.984153	0.909125	0.964363	0.844550	0.949055	0.956270	0.943254	0.974220	0.872119	0.670574	1.088989	0.722953	0.985490	0.927059	0.892267	0.908257	0.901101	0.973560	1.101920	1.101920	1.015773	1.029061	1.058169	1.017043	1.014166	1.061151	1.053254	1.017043	0.000000	1.130076	1.340131	0.992597	0.000000	1.080123	0.800000	0.000000	0.981981	1.074377	1.014502	1.100253	1.096410	1.034901	0.960907	0.991533	0.998008	1.014502	0.983779	0.983779	1.133893	1.088662	1.115537	0.949744	0.949744	1.133893	0.944588	1.143748	1.079021	1.079021	1.419184	1.130643	0.942379
Norovirus_GIV.1i	0.931357	1.079704	1.020073	0.913758	0.955808	0.887177	0.930712	0.940677	0.926016	0.939712	0.790730	0.613345	0.930064	0.702002	0.870567	0.818790	0.810708	0.777005	0.797146	0.806446	1.139478	1.139478	1.064355	1.065880	1.098135	1.071500	1.056222	1.114744	1.105809	1.071500	0.981981	0.976914	1.355557	0.840988	0.981981	1.015315	0.878852	0.981981	0.000000	1.414214	0.910329	0.997225	0.990227	0.948646	0.859451	0.893953	0.894753	0.910329	0.878758	0.878758	0.936768	0.894427	0.938379	0.724569	0.724569	0.936768	0.790406	0.977728	0.881917	0.881917	1.435337	0.959981	0.731148
Norovirus_GIV.1j	0.946851	1.066873	1.024490	0.911711	0.961188	0.905560	0.927591	0.937589	0.924875	0.936621	0.781413	0.626075	0.910330	0.726723	0.885447	0.812282	0.815056	0.757684	0.778344	0.797590	1.163972	1.163972	1.092343	1.093344	1.125213	1.099917	1.083250	1.144057	1.135353	1.099917	1.074377	0.997919	1.358682	0.836845	1.074377	1.115396	0.979634	1.074377	1.414214	0.000000	0.909006	0.991913	0.988460	0.954737	0.862146	0.897923	0.898040	0.909006	0.884152	0.884152	1.008595	0.890425	0.978945	0.799305	0.799305	1.008595	0.746561	1.016725	1.125463	1.125463	1.432075	0.930981	0.715867
Norovirus_GV.1a	0.818404	0.963449	0.961527	0.978183	0.994189	0.906995	1.027356	1.032376	0.991995	1.001751	0.879051	0.844615	0.813470	0.973011	0.850854	0.828108	0.863298	0.856814	0.847755	0.882487	1.203149	1.203149	1.245638	1.201675	1.212219	1.228797	1.231902	1.250814	1.201086	1.228797	1.014502	0.779618	1.315893	0.837240	1.014502	0.983112	1.042998	1.014502	0.910329	0.909006	0.000000	1.033595	1.054314	0.966092	0.793492	0.723747	0.723747	0.000000	0.745356	0.745356	1.033911	0.871547	0.888085	0.856818	0.856818	1.033911	1.022810	0.879936	0.906880	0.906880	1.303905	0.803572	0.821980
Norovirus_GV.1b	0.630231	0.715851	0.774755	0.681497	0.722775	0.672308	0.587051	0.598309	0.621898	0.614996	0.953356	1.135059	0.778754	0.899275	0.932848	0.733678	0.756477	0.827973	0.889317	0.908302	1.052554	1.052554	1.009204	0.930021	0.997036	0.947797	0.950481	1.014757	0.991409	0.947797	1.100253	0.894837	1.201604	0.856698	1.100253	1.072119	1.158521	1.100253	0.997225	0.991913	1.033595	0.000000	1.238278	1.073709	0.960500	1.001767	1.001767	1.033595	0.993945	0.993945	1.100659	0.970441	1.024941	0.860879	0.860879	1.100659	0.898800	1.013579	0.988047	0.988047	1.238163	0.783305	1.011783
Norovirus_GV.1c	0.583410	0.692875	0.819244	0.720280	0.746233	0.639673	0.615856	0.632517	0.654656	0.648371	0.979229	1.133218	0.766356	0.884964	0.959843	0.758757	0.765858	0.826134	0.902037	0.917123	0.977807	0.977807	0.963261	0.871477	0.920882	0.889082	0.890576	0.953022	0.936626	0.889082	1.096410	0.869859	1.135669	0.816993	1.096410	1.068666	1.147824	1.096410	0.990227	0.988460	1.054314	1.238278	0.000000	1.032971	0.956779	1.004772	1.004792	1.054314	1.019157	1.019157	1.097006	0.964449	0.977454	0.867090	0.867090	1.097006	0.920936	0.965939	0.977575	0.977575	1.182917	0.767405	0.993713
Norovirus_GV.1d	0.668112	0.863225	0.901554	0.867140	0.868485	0.790827	0.931929	0.933012	0.890588	0.899009	0.830332	0.829416	0.824938	0.995335	0.912627	0.869813	0.887778	0.877754	0.881308	0.933630	1.235584	1.235584	1.325626	1.239630	1.246661	1.264150	1.272205	1.287647	1.241228	1.264150	1.034901	0.867324	1.313589	0.962368	1.034901	1.006741	1.065819	1.034901	0.948646	0.954737	0.966092	1.073709	1.032971	0.000000	0.835331	0.857584	0.838870	0.966092	1.017700	1.017700	1.045126	0.941035	0.973419	0.944960	0.944960	1.045126	1.098486	0.972747	0.934644	0.934644	1.307361	0.818574	0.897369
Norovirus_GV.1e	0.749573	0.885180	0.874331	0.830197	0.847158	0.817362	0.877616	0.880993	0.843696	0.847745	0.890022	0.909901	0.713000	0.977039	0.748837	0.744655	0.831610	0.893157	0.890160	0.936967	1.102489	1.102489	1.153178	1.105867	1.116935	1.134648	1.138909	1.154584	1.125387	1.134648	0.960907	0.796716	1.255134	0.850207	0.960907	0.946479	0.999077	0.960907	0.859451	0.862146	0.793492	0.960500	0.956779	0.835331	0.000000	1.000000	1.000000	0.793492	1.020621	1.020621	0.993035	0.816985	0.826963	0.799647	0.799647	0.993035	0.962896	0.822957	0.848809	0.848809	1.243790	0.702278	0.886931
Norovirus_GV.1f	0.771343	0.898460	0.874217	0.853045	0.864440	0.874813	0.932999	0.936176	0.899644	0.904020	0.942308	0.922255	0.844014	1.006963	0.892948	0.867776	0.900978	0.874843	0.875350	0.932773	1.117860	1.117860	1.186764	1.123635	1.134521	1.147903	1.153132	1.174648	1.123327	1.147903	0.991533	0.799025	1.285402	0.856548	0.991533	0.969322	1.024655	0.991533	0.893953	0.897923	0.723747	1.001767	1.004772	0.857584	1.000000	0.000000	0.000000	0.723747	0.894427	0.894427	1.017216	0.857933	0.860774	0.855114	0.855114	1.017216	1.010634	0.856970	0.880982	0.880982	1.260053	0.836411	0.909721
Norovirus_GV.1g	0.793113	0.938788	0.908031	0.879241	0.892893	0.908771	0.962434	0.965514	0.928590	0.932215	0.942308	0.922255	0.844014	1.010470	0.892948	0.867776	0.900978	0.874843	0.875350	0.932773	1.137626	1.137626	1.195274	1.139130	1.151631	1.165558	1.170227	1.189548	1.138403	1.165558	0.998008	0.799025	1.285692	0.856548	0.998008	0.978019	1.035287	0.998008	0.894753	0.898040	0.723747	1.001767	1.004792	0.838870	1.000000	0.000000	0.000000	0.723747	0.894427	0.894427	1.023756	0.858804	0.844400	0.851246	0.851246	1.023756	1.008735	0.840522	0.886165	0.886165	1.260880	0.836411	0.909721
Norovirus_GV.1h	0.818404	0.963449	0.961527	0.978183	0.994189	0.906995	1.027356	1.032376	0.991995	1.001751	0.879051	0.844615	0.813470	0.973011	0.850854	0.828108	0.863298	0.856814	0.847755	0.882487	1.203149	1.203149	1.245638	1.201675	1.212219	1.228797	1.231902	1.250814	1.201086	1.228797	1.014502	0.779618	1.315893	0.837240	1.014502	0.983112	1.042998	1.014502	0.910329	0.909006	0.000000	1.033595	1.054314	0.966092	0.793492	0.723747	0.723747	0.000000	0.745356	0.745356	1.033911	0.871547	0.888085	0.856818	0.856818	1.033911	1.022810	0.879936	0.906880	0.906880	1.303905	0.803572	0.821980
Norovirus_GV.1i	0.773948	0.917443	0.920314	0.888077	0.908896	0.896062	0.972336	0.973374	0.935441	0.941706	0.946442	0.918617	0.836821	0.992752	0.902246	0.869936	0.894511	0.869957	0.873935	0.941951	1.143763	1.143763	1.190140	1.133716	1.152595	1.159580	1.165850	1.187707	1.136479	1.159580	0.983779	0.770454	1.272060	0.813412	0.983779	0.962890	1.022534	0.983779	0.878758	0.884152	0.745356	0.993945	1.019157	1.017700	1.020621	0.894427	0.894427	0.745356	0.000000	0.000000	1.008857	0.847841	0.836823	0.846741	0.846741	1.008857	0.990664	0.836041	0.866097	0.866097	1.258205	0.829890	0.927780
Norovirus_GV.1j	0.773948	0.917443	0.920314	0.888077	0.908896	0.896062	0.972336	0.973374	0.935441	0.941706	0.946442	0.918617	0.836821	0.992752	0.902246	0.869936	0.894511	0.869957	0.873935	0.941951	1.143763	1.143763	1.190140	1.133716	1.152595	1.159580	1.165850	1.187707	1.136479	1.159580	0.983779	0.770454	1.272060	0.813412	0.983779	0.962890	1.022534	0.983779	0.878758	0.884152	0.745356	0.993945	1.019157	1.017700	1.020621	0.894427	0.894427	0.745356	0.000000	0.000000	1.008857	0.847841	0.836823	0.846741	0.846741	1.008857	0.990664	0.836041	0.866097	0.866097	1.258205	0.829890	0.927780
Norovirus_GVI.1a	0.991535	0.917467	1.067284	0.992512	1.043392	0.875838	1.000513	1.008008	0.992382	1.023756	0.895378	0.678373	1.030205	0.739622	0.982378	0.944707	0.917721	0.912272	0.928201	0.989559	1.144402	1.144402	1.020081	1.047789	1.084233	1.040183	1.034811	1.084240	1.081024	1.040183	1.133893	1.240394	1.351474	1.050283	1.133893	1.105542	0.995227	1.133893	0.936768	1.008595	1.033911	1.100659	1.097006	1.045126	0.993035	1.017216	1.023756	1.033911	1.008857	1.008857	0.000000	0.978188	1.032574	0.910302	0.910302	0.000000	1.018232	1.042193	0.980025	0.980025	1.441459	1.067101	0.839286
Norovirus_GVI.1b	1.000206	1.052698	0.953898	0.880097	0.943925	0.864559	0.990208	0.999115	0.988444	1.012501	0.778139	0.631895	0.921917	0.740449	0.863338	0.835928	0.843488	0.826542	0.819764	0.880726	1.168446	1.168446	1.084980	1.074934	1.108770	1.073910	1.065994	1.123716	1.106943	1.073910	1.088662	0.965038	1.365652	0.845193	1.088662	0.999326	0.869835	1.088662	0.894427	0.890425	0.871547	0.970441	0.964449	0.941035	0.816985	0.857933	0.858804	0.871547	0.847841	0.847841	0.978188	0.000000	1.016530	0.757188	0.757188	0.978188	0.886107	1.085720	0.859125	0.859125	1.422402	0.957198	0.753483
Norovirus_GVI.1c	0.844281	0.838039	0.930413	0.808016	0.858452	0.830418	0.795999	0.805685	0.784851	0.800324	0.872689	0.511871	0.972739	0.674425	0.887172	0.949013	0.949308	0.908148	0.875710	0.882230	1.145562	1.145562	1.005984	1.056695	1.089334	1.048202	1.036704	1.116700	1.096243	1.048202	1.115537	1.163208	1.440648	1.037258	1.115537	1.139916	1.067528	1.115537	0.938379	0.978945	0.888085	1.024941	0.977454	0.973419	0.826963	0.860774	0.844400	0.888085	0.836823	0.836823	1.032574	1.016530	0.000000	1.163329	1.163329	1.032574	1.255843	1.000000	0.962250	0.962250	1.558391	1.011625	0.733445
Norovirus_GVI.1d	0.912375	0.987858	1.008393	0.923911	1.001179	0.830505	0.975169	0.978657	0.970229	0.996754	0.786835	0.694424	0.966791	0.813078	0.890732	0.882367	0.881894	0.870225	0.835726	0.911835	1.086939	1.086939	1.035671	1.039573	1.069964	1.034728	1.026287	1.089423	1.071056	1.034728	0.949744	0.928597	1.364672	0.805189	0.949744	0.998941	0.807373	0.949744	0.724569	0.799305	0.856818	0.860879	0.867090	0.944960	0.799647	0.855114	0.851246	0.856818	0.846741	0.846741	0.910302	0.757188	1.163329	0.000000	0.000000	0.910302	0.784101	1.218117	0.617213	0.617213	1.400413	0.998731	0.782776
Norovirus_GVI.1e	0.912375	0.987858	1.008393	0.923911	1.001179	0.830505	0.975169	0.978657	0.970229	0.996754	0.786835	0.694424	0.966791	0.813078	0.890732	0.882367	0.881894	0.870225	0.835726	0.911835	1.086939	1.086939	1.035671	1.039573	1.069964	1.034728	1.026287	1.089423	1.071056	1.034728	0.949744	0.928597	1.364672	0.805189	0.949744	0.998941	0.807373	0.949744	0.724569	0.799305	0.856818	0.860879	0.867090	0.944960	0.799647	0.855114	0.851246	0.856818	0.846741	0.846741	0.910302	0.757188	1.163329	0.000000	0.000000	0.910302	0.784101	1.218117	0.617213	0.617213	1.400413	0.998731	0.782776
Norovirus_GVI.1f	0.991535	0.917467	1.067284	0.992512	1.043392	0.875838	1.000513	1.008008	0.992382	1.023756	0.895378	0.678373	1.030205	0.739622	0.982378	0.944707	0.917721	0.912272	0.928201	0.989559	1.144402	1.144402	1.020081	1.047789	1.084233	1.040183	1.034811	1.084240	1.081024	1.040183	1.133893	1.240394	1.351474	1.050283	1.133893	1.105542	0.995227	1.133893	0.936768	1.008595	1.033911	1.100659	1.097006	1.045126	0.993035	1.017216	1.023756	1.033911	1.008857	1.008857	0.000000	0.978188	1.032574	0.910302	0.910302	0.000000	1.018232	1.042193	0.980025	0.980025	1.441459	1.067101	0.839286
Norovirus_GVI.1g	1.076684	0.988311	1.036117	0.932661	1.022080	0.931402	0.994891	0.995681	0.991941	1.008202	0.776662	0.667067	1.056037	0.785203	0.973376	0.946203	0.944188	0.818026	0.852146	0.917071	1.274499	1.274499	1.239103	1.245536	1.275195	1.238941	1.230828	1.289687	1.274210	1.238941	0.944588	1.103245	1.431762	1.004993	0.944588	1.007081	0.833849	0.944588	0.790406	0.746561	1.022810	0.898800	0.920936	1.098486	0.962896	1.010634	1.008735	1.022810	0.990664	0.990664	1.018232	0.886107	1.255843	0.784101	0.784101	1.018232	0.000000	1.283225	0.909307	0.909307	1.521867	1.099621	0.835572
Norovirus_GVI.1h	0.842159	0.836609	0.925927	0.804621	0.851747	0.828261	0.793654	0.803368	0.781571	0.797992	0.875568	0.518459	0.973283	0.682890	0.886533	0.955345	0.956962	0.916855	0.883363	0.886305	1.147863	1.147863	1.005625	1.057732	1.090969	1.050664	1.038457	1.119011	1.098598	1.050664	1.143748	1.163208	1.447716	1.037258	1.143748	1.153333	1.092290	1.143748	0.977728	1.016725	0.879936	1.013579	0.965939	0.972747	0.822957	0.856970	0.840522	0.879936	0.836041	0.836041	1.042193	1.085720	1.000000	1.218117	1.218117	1.042193	1.283225	0.000000	0.990697	0.990697	1.567272	1.014357	0.734365
Norovirus_GVI.1i	0.887076	1.054816	0.975761	0.899046	0.938550	0.847463	0.906519	0.914731	0.900057	0.928723	0.809263	0.697184	0.916428	0.753863	0.843408	0.867640	0.859749	0.811483	0.810346	0.803085	1.096521	1.096521	1.036591	1.025244	1.059954	1.025239	1.016367	1.072261	1.062969	1.025239	1.079021	0.934227	1.343454	0.794738	1.079021	1.078980	0.899383	1.079021	0.881917	1.125463	0.906880	0.988047	0.977575	0.934644	0.848809	0.880982	0.886165	0.906880	0.866097	0.866097	0.980025	0.859125	0.962250	0.617213	0.617213	0.980025	0.909307	0.990697	0.000000	0.000000	1.421533	0.948980	0.812973
Norovirus_GVI.1j	0.887076	1.054816	0.975761	0.899046	0.938550	0.847463	0.906519	0.914731	0.900057	0.928723	0.809263	0.697184	0.916428	0.753863	0.843408	0.867640	0.859749	0.811483	0.810346	0.803085	1.096521	1.096521	1.036591	1.025244	1.059954	1.025239	1.016367	1.072261	1.062969	1.025239	1.079021	0.934227	1.343454	0.794738	1.079021	1.078980	0.899383	1.079021	0.881917	1.125463	0.906880	0.988047	0.977575	0.934644	0.848809	0.880982	0.886165	0.906880	0.866097	0.866097	0.980025	0.859125	0.962250	0.617213	0.617213	0.980025	0.909307	0.990697	0.000000	0.000000	1.421533	0.948980	0.812973
Norovirus_GVII.1a	1.068477	1.103811	1.179049	1.151986	1.164460	1.148628	1.170362	1.174295	1.171464	1.158612	1.404861	1.403970	1.230443	1.318251	1.241055	1.333916	1.291626	1.107694	1.153352	1.167942	0.902203	0.902203	0.966871	0.909409	0.917851	0.900348	0.875492	0.911721	0.913619	0.900348	1.419184	1.251457	0.820099	1.206341	1.419184	1.456410	1.458244	1.419184	1.435337	1.432075	1.303905	1.238163	1.182917	1.307361	1.243790	1.260053	1.260880	1.303905	1.258205	1.258205	1.441459	1.422402	1.558391	1.400413	1.400413	1.441459	1.521867	1.567272	1.421533	1.421533	0.000000	1.244445	1.403104
Norovirus_GVIII.1a	0.961615	0.779816	0.899510	0.880713	0.905175	0.820126	0.789147	0.799946	0.786234	0.796982	1.027495	0.949655	0.577350	0.905910	0.773422	1.104399	1.036375	0.983706	0.953325	1.101014	0.942404	0.942404	0.943831	0.890378	0.902717	0.876116	0.876116	0.963284	0.935821	0.876116	1.130643	1.026728	1.165331	1.201557	1.130643	1.048336	1.022107	1.130643	0.959981	0.930981	0.803572	0.783305	0.767405	0.818574	0.702278	0.836411	0.836411	0.803572	0.829890	0.829890	1.067101	0.957198	1.011625	0.998731	0.998731	1.067101	1.099621	1.014357	0.948980	0.948980	1.244445	0.000000	1.050150
Norwalk-like_virus	1.180482	0.962661	1.138511	1.053126	1.098585	1.045842	1.100587	1.108529	1.085459	1.079533	1.090536	0.810159	1.010275	1.195706	0.909978	0.977931	1.066004	1.172804	1.148792	1.303173	1.100098	1.100098	1.063910	1.046991	1.040826	1.046710	1.023538	1.087449	1.059502	1.046710	0.942379	0.959344	1.375646	1.091943	0.942379	0.924660	0.809299	0.942379	0.731148	0.715867	0.821980	1.011783	0.993713	0.897369	0.886931	0.909721	0.909721	0.821980	0.927780	0.927780	0.839286	0.753483	0.733445	0.782776	0.782776	0.839286	0.835572	0.734365	0.812973	0.812973	1.403104	1.050150	0.000000
