63
Norovirus_GI.1a	0.000000	0.004604	0.005356	0.004559	0.004178	0.005356	0.004782	0.004952	0.004559	0.004513	0.011871	0.016357	0.010692	0.015866	0.009650	0.012368	0.012182	0.009476	0.010904	0.009735	0.012502	0.012502	0.014876	0.012301	0.013150	0.012519	0.012519	0.013432	0.013229	0.012519	0.012114	0.013676	0.023096	0.013851	0.012114	0.011186	0.012079	0.012114	0.010255	0.010594	0.009671	0.009769	0.008922	0.007790	0.010296	0.009231	0.009735	0.009671	0.009321	0.009321	0.010769	0.010885	0.008650	0.010476	0.010476	0.010769	0.011631	0.008529	0.008934	0.008934	0.017088	0.011407	0.015859
Norovirus_GI.1b	0.004604	0.000000	0.003759	0.003647	0.003922	0.004228	0.003288	0.003412	0.002883	0.003159	0.010942	0.011348	0.006884	0.013786	0.006150	0.008232	0.008911	0.008181	0.006974	0.008155	0.016639	0.016639	0.018965	0.016589	0.016514	0.015859	0.016209	0.017408	0.017156	0.015859	0.011516	0.015404	0.017689	0.012955	0.011516	0.010456	0.010711	0.011516	0.011623	0.011186	0.015793	0.009355	0.009015	0.014287	0.014955	0.014913	0.015950	0.015793	0.015447	0.015447	0.010923	0.010904	0.009799	0.009884	0.009884	0.010923	0.009848	0.009735	0.010923	0.010923	0.015748	0.006669	0.011388
Norovirus_GI.1c	0.005356	0.003759	0.000000	0.002495	0.005073	0.005621	0.001933	0.001822	0.002323	0.001578	0.015504	0.019990	0.012444	0.021349	0.013623	0.014451	0.016095	0.013189	0.013531	0.011436	0.013221	0.013221	0.015803	0.012089	0.012983	0.012527	0.012527	0.013984	0.013789	0.012527	0.015097	0.016921	0.020004	0.018695	0.015097	0.015166	0.014917	0.015097	0.013607	0.013774	0.014102	0.011844	0.012903	0.014087	0.013607	0.012854	0.013774	0.014102	0.014072	0.014072	0.015397	0.012903	0.013392	0.015056	0.015056	0.015397	0.014731	0.013221	0.012140	0.012140	0.017643	0.012089	0.017181
Norovirus_GI.1d	0.004559	0.003647	0.002495	0.000000	0.003919	0.004868	0.002882	0.002953	0.002411	0.002323	0.013408	0.019204	0.012511	0.018497	0.012461	0.011916	0.013623	0.012106	0.012544	0.010085	0.013699	0.013699	0.016129	0.012377	0.013500	0.012741	0.012610	0.014321	0.014102	0.012741	0.013531	0.016376	0.019847	0.017169	0.013531	0.012806	0.013205	0.013531	0.010839	0.010897	0.012935	0.009169	0.010343	0.012123	0.010954	0.010208	0.011085	0.012935	0.011308	0.011308	0.013849	0.011029	0.010409	0.012919	0.012919	0.013849	0.012749	0.010269	0.010208	0.010208	0.018329	0.012225	0.014565
Norovirus_GI.1e	0.004178	0.003922	0.005073	0.003919	0.000000	0.003974	0.005274	0.005391	0.004417	0.004646	0.014451	0.019333	0.013142	0.019204	0.013729	0.012806	0.014436	0.013759	0.014494	0.011951	0.012659	0.012659	0.014839	0.010762	0.012106	0.011067	0.010724	0.012790	0.012577	0.011067	0.014608	0.018943	0.021225	0.019779	0.014608	0.013789	0.014480	0.014608	0.011669	0.011968	0.013894	0.011267	0.012001	0.012626	0.012003	0.011029	0.011985	0.013894	0.012360	0.012360	0.014848	0.012427	0.010858	0.014651	0.014651	0.014848	0.014702	0.010568	0.010973	0.010973	0.019863	0.012903	0.015288
Norovirus_GI.1f	0.005356	0.004228	0.005621	0.004868	0.003974	0.000000	0.004738	0.004825	0.004178	0.004467	0.012879	0.012095	0.009095	0.012765	0.009563	0.012335	0.012114	0.010575	0.010456	0.009842	0.012216	0.012216	0.015984	0.012402	0.012601	0.012552	0.012216	0.013662	0.013494	0.012552	0.010769	0.015890	0.022121	0.015242	0.010769	0.009520	0.010030	0.010769	0.010575	0.011055	0.012568	0.011385	0.010628	0.011315	0.012452	0.012469	0.013478	0.012568	0.013103	0.013103	0.009671	0.010750	0.009585	0.010092	0.010092	0.009671	0.011541	0.009476	0.009541	0.009541	0.018523	0.008980	0.013023
Norovirus_GI.1g	0.004782	0.003288	0.001933	0.002882	0.005274	0.004738	0.000000	0.000644	0.001578	0.001116	0.012293	0.016910	0.010065	0.017008	0.009940	0.012411	0.014087	0.010897	0.011490	0.009513	0.013423	0.013423	0.015843	0.012444	0.013439	0.012838	0.012870	0.014379	0.014161	0.012838	0.012854	0.013387	0.019114	0.015507	0.012854	0.012054	0.012610	0.012854	0.009814	0.009835	0.014778	0.007038	0.008058	0.013969	0.012544	0.012757	0.013683	0.014778	0.013984	0.013984	0.013015	0.009708	0.009337	0.011526	0.011526	0.013015	0.010769	0.009225	0.008716	0.008716	0.017296	0.009793	0.014721
Norovirus_GI.1h	0.004952	0.003412	0.001822	0.002953	0.005391	0.004825	0.000644	0.000000	0.001441	0.000911	0.012461	0.017251	0.010349	0.017251	0.010147	0.012773	0.014436	0.011271	0.011705	0.009686	0.013377	0.013377	0.015829	0.012427	0.013392	0.012822	0.012822	0.014335	0.014117	0.012822	0.013110	0.013698	0.019169	0.015909	0.013110	0.012327	0.012838	0.013110	0.010188	0.010208	0.014848	0.007328	0.008412	0.013984	0.012593	0.012806	0.013729	0.014848	0.013998	0.013998	0.013299	0.010044	0.009729	0.011740	0.011740	0.013299	0.010961	0.009622	0.009044	0.009044	0.017332	0.010044	0.015056
Norovirus_GI.1i	0.004559	0.002883	0.002323	0.002411	0.004417	0.004178	0.001578	0.001441	0.000000	0.001116	0.012360	0.017130	0.010106	0.016935	0.010065	0.012511	0.014205	0.011345	0.011776	0.009426	0.013047	0.013047	0.015226	0.011933	0.012935	0.012310	0.012276	0.013849	0.013623	0.012310	0.012903	0.013744	0.019202	0.015948	0.012903	0.012037	0.012692	0.012903	0.009793	0.009898	0.014072	0.008287	0.009260	0.013094	0.011881	0.012037	0.012983	0.014072	0.013236	0.013236	0.012999	0.009814	0.009180	0.011687	0.011687	0.012999	0.010980	0.009021	0.008596	0.008596	0.017536	0.009835	0.014665
Norovirus_GI.1j	0.004513	0.003159	0.001578	0.002323	0.004646	0.004467	0.001116	0.000911	0.001116	0.000000	0.012854	0.017657	0.010509	0.017609	0.010390	0.012089	0.013774	0.011740	0.012191	0.010065	0.013252	0.013252	0.015750	0.012259	0.013268	0.012659	0.012626	0.014219	0.013998	0.012659	0.013607	0.014212	0.019365	0.016481	0.013607	0.012790	0.013377	0.013607	0.010003	0.010023	0.014028	0.007661	0.008704	0.013110	0.011758	0.011951	0.012870	0.014028	0.013158	0.013158	0.013729	0.010489	0.009404	0.012259	0.012259	0.013729	0.011370	0.009293	0.009404	0.009404	0.017548	0.010208	0.014364
Norovirus_GII.1a	0.011871	0.010942	0.015504	0.013408	0.014451	0.012879	0.012293	0.012461	0.012360	0.012854	0.000000	0.004785	0.005763	0.007769	0.004735	0.005691	0.004822	0.004075	0.005940	0.003022	0.013516	0.013516	0.013731	0.012919	0.013849	0.012708	0.012708	0.014408	0.014263	0.012708	0.008974	0.008615	0.011694	0.008310	0.008974	0.008226	0.008327	0.008974	0.006788	0.006758	0.009359	0.009215	0.009827	0.009359	0.008905	0.008905	0.008905	0.009359	0.008881	0.008881	0.008048	0.007918	0.007486	0.007839	0.007839	0.008048	0.007683	0.007624	0.006758	0.006758	0.014038	0.005032	0.005073
Norovirus_GII.1b	0.016357	0.011348	0.019990	0.019204	0.019333	0.012095	0.016910	0.017251	0.017130	0.017657	0.004785	0.000000	0.005241	0.003706	0.005080	0.004423	0.004181	0.006828	0.007038	0.006052	0.015185	0.015185	0.014168	0.014570	0.014267	0.013957	0.013957	0.014964	0.014768	0.013957	0.005878	0.007413	0.013259	0.006998	0.005878	0.005474	0.005770	0.005878	0.004080	0.004652	0.008237	0.009384	0.009582	0.008963	0.007579	0.007928	0.007928	0.008237	0.007634	0.007634	0.005624	0.004997	0.004470	0.005436	0.005436	0.005624	0.006802	0.004785	0.003817	0.003817	0.012659	0.005320	0.004029
Norovirus_GII.1c	0.010692	0.006884	0.012444	0.012511	0.013142	0.009095	0.010065	0.010349	0.010106	0.010509	0.005763	0.005241	0.000000	0.006222	0.002734	0.005799	0.006280	0.005467	0.005975	0.006571	0.013047	0.013047	0.015308	0.012259	0.013314	0.012157	0.012157	0.014321	0.014234	0.012157	0.011381	0.012889	0.010117	0.012158	0.011381	0.010916	0.009919	0.011381	0.008572	0.008787	0.007865	0.007822	0.007634	0.007812	0.006443	0.006665	0.006665	0.007865	0.006443	0.006443	0.009919	0.008951	0.008201	0.009470	0.009470	0.009919	0.010316	0.008226	0.008125	0.008125	0.011571	0.000644	0.003972
Norovirus_GII.1d	0.015866	0.013786	0.021349	0.018497	0.019204	0.012765	0.017008	0.017251	0.016935	0.017609	0.007769	0.003706	0.006222	0.000000	0.007954	0.007126	0.006255	0.007661	0.007496	0.006858	0.012053	0.012053	0.011520	0.011062	0.011341	0.010562	0.010562	0.012001	0.011931	0.010562	0.008237	0.007775	0.011619	0.008296	0.008237	0.007468	0.008312	0.008237	0.006018	0.006797	0.013111	0.011189	0.010732	0.013206	0.011791	0.012309	0.012427	0.013111	0.011949	0.011949	0.008212	0.007038	0.007038	0.007902	0.007902	0.008212	0.010043	0.007356	0.005913	0.005913	0.012692	0.006736	0.010601
Norovirus_GII.1e	0.009650	0.006150	0.013623	0.012461	0.013729	0.009563	0.009940	0.010147	0.010065	0.010390	0.004735	0.005080	0.002734	0.007954	0.000000	0.003866	0.003222	0.004949	0.004735	0.008645	0.013744	0.013744	0.016296	0.013408	0.014580	0.014013	0.013638	0.015450	0.015316	0.014013	0.012276	0.010846	0.011385	0.010722	0.012276	0.012477	0.011160	0.012276	0.009579	0.009940	0.008905	0.010443	0.010834	0.009665	0.007375	0.007944	0.007944	0.008905	0.008073	0.008073	0.011345	0.009919	0.007970	0.010409	0.010409	0.011345	0.010692	0.007944	0.008858	0.008858	0.010958	0.002657	0.004126
Norovirus_GII.1f	0.012368	0.008232	0.014451	0.011916	0.012806	0.012335	0.012411	0.012773	0.012511	0.012089	0.005691	0.004423	0.005799	0.007126	0.003866	0.000000	0.001116	0.007029	0.007431	0.006346	0.014234	0.014234	0.016232	0.013819	0.014735	0.014058	0.013683	0.015598	0.015518	0.014058	0.008811	0.009891	0.010799	0.010383	0.008811	0.008327	0.008277	0.008811	0.007233	0.007261	0.008125	0.007849	0.008337	0.008740	0.006634	0.006849	0.006849	0.008125	0.006696	0.006696	0.008073	0.007651	0.008764	0.007970	0.007970	0.008073	0.008155	0.008974	0.007996	0.007996	0.012492	0.005352	0.003866
Norovirus_GII.1g	0.012182	0.008911	0.016095	0.013623	0.014436	0.012114	0.014087	0.014436	0.014205	0.013774	0.004822	0.004181	0.006280	0.006255	0.003222	0.001116	0.000000	0.006214	0.006665	0.006147	0.013607	0.013607	0.015604	0.013078	0.014248	0.013454	0.013126	0.015028	0.014973	0.013454	0.008524	0.009805	0.011890	0.009712	0.008524	0.008125	0.008125	0.008524	0.007459	0.007542	0.008277	0.008032	0.008312	0.008401	0.006696	0.006910	0.006910	0.008277	0.006507	0.006507	0.008022	0.008022	0.009180	0.008226	0.008226	0.008022	0.008602	0.009426	0.008351	0.008351	0.012985	0.005313	0.003866
Norovirus_GII.1h	0.009476	0.008181	0.013189	0.012106	0.013759	0.010575	0.010897	0.011271	0.011345	0.011740	0.004075	0.006828	0.005467	0.007661	0.004949	0.007029	0.006214	0.000000	0.002137	0.004778	0.014608	0.014608	0.016206	0.014321	0.014763	0.014013	0.014013	0.015704	0.015598	0.014013	0.009470	0.008316	0.009182	0.007370	0.009470	0.009686	0.008692	0.009470	0.007678	0.007375	0.009919	0.008161	0.008870	0.010126	0.009729	0.009426	0.009426	0.009919	0.009225	0.009225	0.009513	0.008201	0.009622	0.008401	0.008401	0.009513	0.008406	0.009940	0.008073	0.008073	0.010430	0.005467	0.006313
Norovirus_GII.1i	0.010904	0.006974	0.013531	0.012544	0.014494	0.010456	0.011490	0.011705	0.011776	0.012191	0.005940	0.007038	0.005975	0.007496	0.004735	0.007431	0.006665	0.002137	0.000000	0.005391	0.015166	0.015166	0.017239	0.015056	0.015584	0.014707	0.014707	0.016402	0.016300	0.014707	0.009293	0.009044	0.010682	0.008183	0.009293	0.009225	0.008125	0.009293	0.007759	0.007459	0.009600	0.009438	0.010463	0.010269	0.009665	0.009448	0.009448	0.009600	0.009337	0.009337	0.009089	0.007759	0.009203	0.007597	0.007597	0.009089	0.008406	0.009492	0.007732	0.007732	0.012153	0.005940	0.006571
Norovirus_GII.1j	0.009735	0.008155	0.011436	0.010085	0.011951	0.009842	0.009513	0.009686	0.009426	0.010065	0.003022	0.006052	0.006571	0.006858	0.008645	0.006346	0.006147	0.004778	0.005391	0.000000	0.014494	0.014494	0.015790	0.013954	0.015193	0.013894	0.013894	0.015809	0.015704	0.013894	0.010587	0.010226	0.008857	0.008461	0.010587	0.010782	0.009665	0.010587	0.008450	0.008376	0.009686	0.007928	0.008704	0.010228	0.010528	0.010085	0.010085	0.009686	0.010188	0.010188	0.010147	0.009203	0.009426	0.009404	0.009404	0.010147	0.009905	0.009579	0.008125	0.008125	0.010824	0.006539	0.007785
Norovirus_GIII.1a	0.012502	0.016639	0.013221	0.013699	0.012659	0.012216	0.013423	0.013377	0.013047	0.013252	0.013516	0.015185	0.013047	0.012053	0.013744	0.014234	0.013607	0.014608	0.015166	0.014494	0.000000	0.000000	0.005806	0.002577	0.002137	0.002809	0.002809	0.002657	0.002657	0.002809	0.014778	0.015187	0.014322	0.013628	0.014778	0.014917	0.014594	0.014778	0.016173	0.016974	0.016740	0.018328	0.016296	0.016528	0.015179	0.014987	0.015491	0.016740	0.015584	0.015584	0.015491	0.015544	0.015992	0.015504	0.015504	0.015491	0.017774	0.016082	0.014834	0.014834	0.014975	0.012560	0.013954
Norovirus_GIII.1b	0.012502	0.016639	0.013221	0.013699	0.012659	0.012216	0.013423	0.013377	0.013047	0.013252	0.013516	0.015185	0.013047	0.012053	0.013744	0.014234	0.013607	0.014608	0.015166	0.014494	0.000000	0.000000	0.005806	0.002577	0.002137	0.002809	0.002809	0.002657	0.002657	0.002809	0.014778	0.015187	0.014322	0.013628	0.014778	0.014917	0.014594	0.014778	0.016173	0.016974	0.016740	0.018328	0.016296	0.016528	0.015179	0.014987	0.015491	0.016740	0.015584	0.015584	0.015491	0.015544	0.015992	0.015504	0.015504	0.015491	0.017774	0.016082	0.014834	0.014834	0.014975	0.012560	0.013954
Norovirus_GIII.1c	0.014876	0.018965	0.015803	0.016129	0.014839	0.015984	0.015843	0.015829	0.015226	0.015750	0.013731	0.014168	0.015308	0.011520	0.016296	0.016232	0.015604	0.016206	0.017239	0.015790	0.005806	0.005806	0.000000	0.004871	0.003977	0.003977	0.003977	0.003762	0.003650	0.003977	0.014839	0.016590	0.015388	0.015099	0.014839	0.014164	0.014853	0.014839	0.016090	0.017045	0.017203	0.017346	0.015598	0.017215	0.015895	0.015895	0.016142	0.017203	0.016051	0.016051	0.014740	0.015403	0.014397	0.016038	0.016038	0.014740	0.017371	0.014383	0.014909	0.014909	0.016436	0.014839	0.015443
Norovirus_GIII.1d	0.012301	0.016589	0.012089	0.012377	0.010762	0.012402	0.012444	0.012427	0.011933	0.012259	0.012919	0.014570	0.012259	0.011062	0.013408	0.013819	0.013078	0.014321	0.015056	0.013954	0.002577	0.002577	0.004871	0.000000	0.002137	0.001116	0.001116	0.002809	0.002809	0.001116	0.014058	0.014822	0.014190	0.013796	0.014058	0.013804	0.013894	0.014058	0.015288	0.016134	0.016249	0.015816	0.014149	0.015927	0.014806	0.014551	0.015014	0.016249	0.014889	0.014889	0.014248	0.014551	0.014608	0.015056	0.015056	0.014248	0.016887	0.014651	0.014043	0.014043	0.015711	0.011881	0.013142
Norovirus_GIII.1e	0.013150	0.016514	0.012983	0.013500	0.012106	0.012601	0.013439	0.013392	0.012935	0.013268	0.013849	0.014267	0.013314	0.011341	0.014580	0.014735	0.014248	0.014763	0.015584	0.015193	0.002137	0.002137	0.003977	0.002137	0.000000	0.001822	0.001822	0.000911	0.000911	0.001822	0.014862	0.014592	0.014868	0.013796	0.014862	0.014693	0.014735	0.014862	0.016198	0.017047	0.016827	0.017645	0.015564	0.016465	0.015383	0.015166	0.015637	0.016827	0.015651	0.015651	0.015166	0.015450	0.015571	0.015848	0.015848	0.015166	0.017821	0.015637	0.014945	0.014945	0.015791	0.012870	0.013577
Norovirus_GIII.1f	0.012519	0.015859	0.012527	0.012741	0.011067	0.012552	0.012838	0.012822	0.012310	0.012659	0.012708	0.013957	0.012157	0.010562	0.014013	0.014058	0.013454	0.014013	0.014707	0.013894	0.002809	0.002809	0.003977	0.001116	0.001822	0.000000	0.000000	0.002411	0.002411	0.000000	0.014043	0.015104	0.013996	0.013751	0.014043	0.013699	0.013998	0.014043	0.015637	0.016515	0.017421	0.016410	0.014754	0.017023	0.015979	0.015637	0.016173	0.017421	0.016031	0.016031	0.014364	0.014749	0.014959	0.015193	0.015193	0.014364	0.017143	0.015056	0.014306	0.014306	0.015537	0.011776	0.013283
Norovirus_GIII.1g	0.012519	0.016209	0.012527	0.012610	0.010724	0.012216	0.012870	0.012822	0.012276	0.012626	0.012708	0.013957	0.012157	0.010562	0.013638	0.013683	0.013126	0.014013	0.014707	0.013894	0.002809	0.002809	0.003977	0.001116	0.001822	0.000000	0.000000	0.002411	0.001933	0.000000	0.013909	0.014693	0.013586	0.013394	0.013909	0.013699	0.013804	0.013909	0.015220	0.016070	0.017646	0.016625	0.014937	0.017397	0.016198	0.015914	0.016415	0.017646	0.016300	0.016300	0.014146	0.014480	0.014522	0.014931	0.014931	0.014146	0.016813	0.014594	0.013969	0.013969	0.015087	0.011776	0.012757
Norovirus_GIII.1h	0.013432	0.017408	0.013984	0.014321	0.012790	0.013662	0.014379	0.014335	0.013849	0.014219	0.014408	0.014964	0.014321	0.012001	0.015450	0.015598	0.015028	0.015704	0.016402	0.015809	0.002657	0.002657	0.003762	0.002809	0.000911	0.002411	0.002411	0.000000	0.000911	0.002411	0.015316	0.015839	0.014995	0.014409	0.015316	0.015410	0.015275	0.015316	0.017217	0.018110	0.017693	0.017809	0.016116	0.017468	0.016224	0.016095	0.016490	0.017693	0.016453	0.016453	0.015677	0.016262	0.016415	0.016691	0.016691	0.015677	0.018259	0.016503	0.015862	0.015862	0.016015	0.013849	0.014537
Norovirus_GIII.1i	0.013229	0.017156	0.013789	0.014102	0.012577	0.013494	0.014161	0.014117	0.013623	0.013998	0.014263	0.014768	0.014234	0.011931	0.015316	0.015518	0.014973	0.015598	0.016300	0.015704	0.002657	0.002657	0.003650	0.002809	0.000911	0.002411	0.001933	0.000911	0.000000	0.002411	0.015261	0.015866	0.015050	0.014409	0.015261	0.015329	0.015220	0.015261	0.017145	0.018041	0.017445	0.017515	0.015843	0.017313	0.016005	0.015875	0.016249	0.017445	0.016211	0.016211	0.015651	0.016160	0.016313	0.016591	0.016591	0.015651	0.018168	0.016402	0.015783	0.015783	0.016015	0.013759	0.014393
Norovirus_GIII.1j	0.012519	0.015859	0.012527	0.012741	0.011067	0.012552	0.012838	0.012822	0.012310	0.012659	0.012708	0.013957	0.012157	0.010562	0.014013	0.014058	0.013454	0.014013	0.014707	0.013894	0.002809	0.002809	0.003977	0.001116	0.001822	0.000000	0.000000	0.002411	0.002411	0.000000	0.014043	0.015104	0.013996	0.013751	0.014043	0.013699	0.013998	0.014043	0.015637	0.016515	0.017421	0.016410	0.014754	0.017023	0.015979	0.015637	0.016173	0.017421	0.016031	0.016031	0.014364	0.014749	0.014959	0.015193	0.015193	0.014364	0.017143	0.015056	0.014306	0.014306	0.015537	0.011776	0.013283
Norovirus_GIV.1a	0.012114	0.011516	0.015097	0.013531	0.014608	0.010769	0.012854	0.013110	0.012903	0.013607	0.008974	0.005878	0.011381	0.008237	0.012276	0.008811	0.008524	0.009470	0.009293	0.010587	0.014778	0.014778	0.014839	0.014058	0.014862	0.014043	0.013909	0.015316	0.015261	0.014043	0.000000	0.010039	0.013162	0.008285	0.000000	0.002323	0.001705	0.000000	0.005032	0.006079	0.011508	0.012087	0.011720	0.012643	0.010991	0.011326	0.011454	0.011508	0.011216	0.011216	0.002953	0.005195	0.006758	0.004370	0.004370	0.002953	0.004825	0.007261	0.005763	0.005763	0.013413	0.011828	0.010548
Norovirus_GIV.1b	0.013676	0.015404	0.016921	0.016376	0.018943	0.015890	0.013387	0.013698	0.013744	0.014212	0.008615	0.007413	0.012889	0.007775	0.010846	0.009891	0.009805	0.008316	0.009044	0.010226	0.015187	0.015187	0.016590	0.014822	0.014592	0.015104	0.014693	0.015839	0.015866	0.015104	0.010039	0.000000	0.014464	0.003896	0.010039	0.010962	0.010630	0.010039	0.008265	0.008856	0.010205	0.009600	0.010094	0.012079	0.009588	0.010308	0.010308	0.010205	0.009588	0.009588	0.012269	0.008341	0.013100	0.007979	0.007979	0.012269	0.010846	0.013100	0.007953	0.007953	0.012522	0.012774	0.011247
Norovirus_GIV.1c	0.023096	0.017689	0.020004	0.019847	0.021225	0.022121	0.019114	0.019169	0.019202	0.019365	0.011694	0.013259	0.010117	0.011619	0.011385	0.010799	0.011890	0.009182	0.010682	0.008857	0.014322	0.014322	0.015388	0.014190	0.014868	0.013996	0.013586	0.014995	0.015050	0.013996	0.013162	0.014464	0.000000	0.013241	0.013162	0.013018	0.013493	0.013162	0.012134	0.012323	0.012642	0.012807	0.011781	0.013663	0.012169	0.012575	0.012575	0.012642	0.012117	0.012117	0.013846	0.011568	0.013210	0.011960	0.011960	0.013846	0.012584	0.013477	0.011801	0.011801	0.003832	0.010220	0.013162
Norovirus_GIV.1d	0.013851	0.012955	0.018695	0.017169	0.019779	0.015242	0.015507	0.015909	0.015948	0.016481	0.008310	0.006998	0.012158	0.008296	0.010722	0.010383	0.009712	0.007370	0.008183	0.008461	0.013628	0.013628	0.015099	0.013796	0.013796	0.013751	0.013394	0.014409	0.014409	0.013751	0.008285	0.003896	0.013241	0.000000	0.008285	0.009223	0.008803	0.008285	0.007370	0.007678	0.011165	0.010108	0.010335	0.012881	0.010663	0.011499	0.011499	0.011165	0.010584	0.010584	0.010403	0.007079	0.011699	0.006681	0.006681	0.010403	0.009948	0.011699	0.007168	0.007168	0.011037	0.011735	0.010702
Norovirus_GIV.1e	0.012114	0.011516	0.015097	0.013531	0.014608	0.010769	0.012854	0.013110	0.012903	0.013607	0.008974	0.005878	0.011381	0.008237	0.012276	0.008811	0.008524	0.009470	0.009293	0.010587	0.014778	0.014778	0.014839	0.014058	0.014862	0.014043	0.013909	0.015316	0.015261	0.014043	0.000000	0.010039	0.013162	0.008285	0.000000	0.002323	0.001705	0.000000	0.005032	0.006079	0.011508	0.012087	0.011720	0.012643	0.010991	0.011326	0.011454	0.011508	0.011216	0.011216	0.002953	0.005195	0.006758	0.004370	0.004370	0.002953	0.004825	0.007261	0.005763	0.005763	0.013413	0.011828	0.010548
Norovirus_GIV.1f	0.011186	0.010456	0.015166	0.012806	0.013789	0.009520	0.012054	0.012327	0.012037	0.012790	0.008226	0.005474	0.010916	0.007468	0.012477	0.008327	0.008125	0.009686	0.009225	0.010782	0.014917	0.014917	0.014164	0.013804	0.014693	0.013699	0.013699	0.015410	0.015329	0.013699	0.002323	0.010962	0.013018	0.009223	0.002323	0.000000	0.002232	0.002323	0.005032	0.006214	0.010627	0.011304	0.011025	0.011776	0.010587	0.010627	0.010878	0.010627	0.010548	0.010548	0.002232	0.004865	0.005940	0.004464	0.004464	0.002232	0.006048	0.006180	0.005155	0.005155	0.013873	0.011308	0.010044
Norovirus_GIV.1g	0.012079	0.010711	0.014917	0.013205	0.014480	0.010030	0.012610	0.012838	0.012692	0.013377	0.008327	0.005770	0.009919	0.008312	0.011160	0.008277	0.008125	0.008692	0.008125	0.009665	0.014594	0.014594	0.014853	0.013894	0.014735	0.013998	0.013804	0.015275	0.015220	0.013998	0.001705	0.010630	0.013493	0.008803	0.001705	0.002232	0.000000	0.001705	0.004225	0.005274	0.011216	0.012173	0.011808	0.012242	0.010724	0.011029	0.011271	0.011216	0.011029	0.011029	0.003022	0.003919	0.006247	0.003285	0.003285	0.003022	0.004738	0.006665	0.004556	0.004556	0.013813	0.010188	0.009293
Norovirus_GIV.1h	0.012114	0.011516	0.015097	0.013531	0.014608	0.010769	0.012854	0.013110	0.012903	0.013607	0.008974	0.005878	0.011381	0.008237	0.012276	0.008811	0.008524	0.009470	0.009293	0.010587	0.014778	0.014778	0.014839	0.014058	0.014862	0.014043	0.013909	0.015316	0.015261	0.014043	0.000000	0.010039	0.013162	0.008285	0.000000	0.002323	0.001705	0.000000	0.005032	0.006079	0.011508	0.012087	0.011720	0.012643	0.010991	0.011326	0.011454	0.011508	0.011216	0.011216	0.002953	0.005195	0.006758	0.004370	0.004370	0.002953	0.004825	0.007261	0.005763	0.005763	0.013413	0.011828	0.010548
Norovirus_GIV.1i	0.010255	0.011623	0.013607	0.010839	0.011669	0.010575	0.009814	0.010188	0.009793	0.010003	0.006788	0.004080	0.008572	0.006018	0.009579	0.007233	0.007459	0.007678	0.007759	0.008450	0.016173	0.016173	0.016090	0.015288	0.016198	0.015637	0.015220	0.017217	0.017145	0.015637	0.005032	0.008265	0.012134	0.007370	0.005032	0.005032	0.004225	0.005032	0.000000	0.001289	0.009898	0.009953	0.009763	0.010935	0.009557	0.009898	0.009877	0.009898	0.009513	0.009513	0.004176	0.002038	0.004225	0.002495	0.002495	0.004176	0.003288	0.004735	0.001116	0.001116	0.013065	0.008905	0.008426
Norovirus_GIV.1j	0.010594	0.011186	0.013774	0.010897	0.011968	0.011055	0.009835	0.010208	0.009898	0.010023	0.006758	0.004652	0.008787	0.006797	0.009940	0.007261	0.007542	0.007375	0.007459	0.008376	0.016974	0.016974	0.017045	0.016134	0.017047	0.016515	0.016070	0.018110	0.018041	0.016515	0.006079	0.008856	0.012323	0.007678	0.006079	0.006214	0.005274	0.006079	0.001289	0.000000	0.010044	0.009699	0.009677	0.011253	0.009750	0.010167	0.010106	0.010044	0.009793	0.009793	0.005235	0.002038	0.004778	0.002577	0.002577	0.005235	0.002735	0.005235	0.002137	0.002137	0.012856	0.008974	0.008692
Norovirus_GV.1a	0.009671	0.015793	0.014102	0.012935	0.013894	0.012568	0.014778	0.014848	0.014072	0.014028	0.009359	0.008237	0.007865	0.013111	0.008905	0.008125	0.008277	0.009919	0.009600	0.009686	0.016740	0.016740	0.017203	0.016249	0.016827	0.017421	0.017646	0.017693	0.017445	0.017421	0.011508	0.010205	0.012642	0.011165	0.011508	0.010627	0.011216	0.011508	0.009898	0.010044	0.000000	0.011773	0.011577	0.002734	0.002038	0.001441	0.001441	0.000000	0.001289	0.001289	0.011067	0.010147	0.009513	0.010044	0.010044	0.011067	0.011388	0.009382	0.009535	0.009535	0.013256	0.007375	0.006969
Norovirus_GV.1b	0.009769	0.009355	0.011844	0.009169	0.011267	0.011385	0.007038	0.007328	0.008287	0.007661	0.009215	0.009384	0.007822	0.011189	0.010443	0.007849	0.008032	0.008161	0.009438	0.007928	0.018328	0.018328	0.017346	0.015816	0.017645	0.016410	0.016625	0.017809	0.017515	0.016410	0.012087	0.009600	0.012807	0.010108	0.012087	0.011304	0.012173	0.012087	0.009953	0.009699	0.011773	0.000000	0.002660	0.011861	0.009890	0.010562	0.010562	0.011773	0.010796	0.010796	0.011359	0.010180	0.012326	0.009009	0.009009	0.011359	0.010167	0.012156	0.009720	0.009720	0.012953	0.008006	0.009169
Norovirus_GV.1c	0.008922	0.009015	0.012903	0.010343	0.012001	0.010628	0.008058	0.008412	0.009260	0.008704	0.009827	0.009582	0.007634	0.010732	0.010834	0.008337	0.008312	0.008870	0.010463	0.008704	0.016296	0.016296	0.015598	0.014149	0.015564	0.014754	0.014937	0.016116	0.015843	0.014754	0.011720	0.010094	0.011781	0.010335	0.011720	0.011025	0.011808	0.011720	0.009763	0.009677	0.011577	0.002660	0.000000	0.011720	0.009848	0.010562	0.010562	0.011577	0.010911	0.010911	0.011156	0.009974	0.011249	0.009124	0.009124	0.011156	0.010706	0.011025	0.009394	0.009394	0.012592	0.007769	0.009124
Norovirus_GV.1d	0.007790	0.014287	0.014087	0.012123	0.012626	0.011315	0.013969	0.013984	0.013094	0.013110	0.009359	0.008963	0.007812	0.013206	0.009665	0.008740	0.008401	0.010126	0.010269	0.010228	0.016528	0.016528	0.017215	0.015927	0.016465	0.017023	0.017397	0.017468	0.017313	0.017023	0.012643	0.012079	0.013663	0.012881	0.012643	0.011776	0.012242	0.012643	0.010935	0.011253	0.002734	0.011861	0.011720	0.000000	0.003529	0.002495	0.002495	0.002734	0.002809	0.002809	0.011933	0.011776	0.009898	0.011758	0.011758	0.011933	0.012435	0.009940	0.010249	0.010249	0.014750	0.007597	0.008475
Norovirus_GV.1e	0.010296	0.014955	0.013607	0.010954	0.012003	0.012452	0.012544	0.012593	0.011881	0.011758	0.008905	0.007579	0.006443	0.011791	0.007375	0.006634	0.006696	0.009729	0.009665	0.010528	0.015179	0.015179	0.015895	0.014806	0.015383	0.015979	0.016198	0.016224	0.016005	0.015979	0.010991	0.009588	0.012169	0.010663	0.010991	0.010587	0.010724	0.010991	0.009557	0.009750	0.002038	0.009890	0.009848	0.003529	0.000000	0.001705	0.001705	0.002038	0.002137	0.002137	0.010801	0.009729	0.009337	0.009665	0.009665	0.010801	0.011055	0.009293	0.009089	0.009089	0.012358	0.005905	0.007290
Norovirus_GV.1f	0.009231	0.014913	0.012854	0.010208	0.011029	0.012469	0.012757	0.012806	0.012037	0.011951	0.008905	0.007928	0.006665	0.012309	0.007944	0.006849	0.006910	0.009426	0.009448	0.010085	0.014987	0.014987	0.015895	0.014551	0.015166	0.015637	0.015914	0.016095	0.015875	0.015637	0.011326	0.010308	0.012575	0.011499	0.011326	0.010627	0.011029	0.011326	0.009898	0.010167	0.001441	0.010562	0.010562	0.002495	0.001705	0.000000	0.000000	0.001441	0.001289	0.001289	0.010916	0.010309	0.009293	0.010449	0.010449	0.010916	0.011461	0.009248	0.009270	0.009270	0.013049	0.006214	0.007431
Norovirus_GV.1g	0.009735	0.015950	0.013774	0.011085	0.011985	0.013478	0.013683	0.013729	0.012983	0.012870	0.008905	0.007928	0.006665	0.012427	0.007944	0.006849	0.006910	0.009426	0.009448	0.010085	0.015491	0.015491	0.016142	0.015014	0.015637	0.016173	0.016415	0.016490	0.016249	0.016173	0.011454	0.010308	0.012575	0.011499	0.011454	0.010878	0.011271	0.011454	0.009877	0.010106	0.001441	0.010562	0.010562	0.002495	0.001705	0.000000	0.000000	0.001441	0.001289	0.001289	0.011123	0.010208	0.009225	0.010188	0.010188	0.011123	0.011370	0.009180	0.009426	0.009426	0.013049	0.006214	0.007431
Norovirus_GV.1h	0.009671	0.015793	0.014102	0.012935	0.013894	0.012568	0.014778	0.014848	0.014072	0.014028	0.009359	0.008237	0.007865	0.013111	0.008905	0.008125	0.008277	0.009919	0.009600	0.009686	0.016740	0.016740	0.017203	0.016249	0.016827	0.017421	0.017646	0.017693	0.017445	0.017421	0.011508	0.010205	0.012642	0.011165	0.011508	0.010627	0.011216	0.011508	0.009898	0.010044	0.000000	0.011773	0.011577	0.002734	0.002038	0.001441	0.001441	0.000000	0.001289	0.001289	0.011067	0.010147	0.009513	0.010044	0.010044	0.011067	0.011388	0.009382	0.009535	0.009535	0.013256	0.007375	0.006969
Norovirus_GV.1i	0.009321	0.015447	0.014072	0.011308	0.012360	0.013103	0.013984	0.013998	0.013236	0.013158	0.008881	0.007634	0.006443	0.011949	0.008073	0.006696	0.006507	0.009225	0.009337	0.010188	0.015584	0.015584	0.016051	0.014889	0.015651	0.016031	0.016300	0.016453	0.016211	0.016031	0.011216	0.009588	0.012117	0.010584	0.011216	0.010548	0.011029	0.011216	0.009513	0.009793	0.001289	0.010796	0.010911	0.002809	0.002137	0.001289	0.001289	0.001289	0.000000	0.000000	0.010762	0.010065	0.008692	0.010249	0.010249	0.010762	0.010904	0.008740	0.008905	0.008905	0.012937	0.006044	0.007732
Norovirus_GV.1j	0.009321	0.015447	0.014072	0.011308	0.012360	0.013103	0.013984	0.013998	0.013236	0.013158	0.008881	0.007634	0.006443	0.011949	0.008073	0.006696	0.006507	0.009225	0.009337	0.010188	0.015584	0.015584	0.016051	0.014889	0.015651	0.016031	0.016300	0.016453	0.016211	0.016031	0.011216	0.009588	0.012117	0.010584	0.011216	0.010548	0.011029	0.011216	0.009513	0.009793	0.001289	0.010796	0.010911	0.002809	0.002137	0.001289	0.001289	0.001289	0.000000	0.000000	0.010762	0.010065	0.008692	0.010249	0.010249	0.010762	0.010904	0.008740	0.008905	0.008905	0.012937	0.006044	0.007732
Norovirus_GVI.1a	0.010769	0.010923	0.015397	0.013849	0.014848	0.009671	0.013015	0.013299	0.012999	0.013729	0.008048	0.005624	0.009919	0.008212	0.011345	0.008073	0.008022	0.009513	0.009089	0.010147	0.015491	0.015491	0.014740	0.014248	0.015166	0.014364	0.014146	0.015677	0.015651	0.014364	0.002953	0.012269	0.013846	0.010403	0.002953	0.002232	0.003022	0.002953	0.004176	0.005235	0.011067	0.011359	0.011156	0.011933	0.010801	0.010916	0.011123	0.011067	0.010762	0.010762	0.000000	0.004176	0.005429	0.003866	0.003866	0.000000	0.005584	0.005617	0.004126	0.004126	0.014579	0.010429	0.008998
Norovirus_GVI.1b	0.010885	0.010904	0.012903	0.011029	0.012427	0.010750	0.009708	0.010044	0.009814	0.010489	0.007918	0.004997	0.008951	0.007038	0.009919	0.007651	0.008022	0.008201	0.007759	0.009203	0.015544	0.015544	0.015403	0.014551	0.015450	0.014749	0.014480	0.016262	0.016160	0.014749	0.005195	0.008341	0.011568	0.007079	0.005195	0.004865	0.003919	0.005195	0.002038	0.002038	0.010147	0.010180	0.009974	0.011776	0.009729	0.010309	0.010208	0.010147	0.010065	0.010065	0.004176	0.000000	0.005235	0.001441	0.001441	0.004176	0.003759	0.005727	0.002323	0.002323	0.011625	0.009270	0.009359
Norovirus_GVI.1c	0.008650	0.009799	0.013392	0.010409	0.010858	0.009585	0.009337	0.009729	0.009180	0.009404	0.007486	0.004470	0.008201	0.007038	0.007970	0.008764	0.009180	0.009622	0.009203	0.009426	0.015992	0.015992	0.014397	0.014608	0.015571	0.014959	0.014522	0.016415	0.016313	0.014959	0.006758	0.013100	0.013210	0.011699	0.006758	0.005940	0.006247	0.006758	0.004225	0.004778	0.009513	0.012326	0.011249	0.009898	0.009337	0.009293	0.009225	0.009513	0.008692	0.008692	0.005429	0.005235	0.000000	0.006280	0.006280	0.005429	0.006415	0.000644	0.004225	0.004225	0.014260	0.009021	0.008022
Norovirus_GVI.1d	0.010476	0.009884	0.015056	0.012919	0.014651	0.010092	0.011526	0.011740	0.011687	0.012259	0.007839	0.005436	0.009470	0.007902	0.010409	0.007970	0.008226	0.008401	0.007597	0.009404	0.015504	0.015504	0.016038	0.015056	0.015848	0.015193	0.014931	0.016691	0.016591	0.015193	0.004370	0.007979	0.011960	0.006681	0.004370	0.004464	0.003285	0.004370	0.002495	0.002577	0.010044	0.009009	0.009124	0.011758	0.009665	0.010449	0.010188	0.010044	0.010249	0.010249	0.003866	0.001441	0.006280	0.000000	0.000000	0.003866	0.003814	0.006758	0.002734	0.002734	0.011480	0.009643	0.009203
Norovirus_GVI.1e	0.010476	0.009884	0.015056	0.012919	0.014651	0.010092	0.011526	0.011740	0.011687	0.012259	0.007839	0.005436	0.009470	0.007902	0.010409	0.007970	0.008226	0.008401	0.007597	0.009404	0.015504	0.015504	0.016038	0.015056	0.015848	0.015193	0.014931	0.016691	0.016591	0.015193	0.004370	0.007979	0.011960	0.006681	0.004370	0.004464	0.003285	0.004370	0.002495	0.002577	0.010044	0.009009	0.009124	0.011758	0.009665	0.010449	0.010188	0.010044	0.010249	0.010249	0.003866	0.001441	0.006280	0.000000	0.000000	0.003866	0.003814	0.006758	0.002734	0.002734	0.011480	0.009643	0.009203
Norovirus_GVI.1f	0.010769	0.010923	0.015397	0.013849	0.014848	0.009671	0.013015	0.013299	0.012999	0.013729	0.008048	0.005624	0.009919	0.008212	0.011345	0.008073	0.008022	0.009513	0.009089	0.010147	0.015491	0.015491	0.014740	0.014248	0.015166	0.014364	0.014146	0.015677	0.015651	0.014364	0.002953	0.012269	0.013846	0.010403	0.002953	0.002232	0.003022	0.002953	0.004176	0.005235	0.011067	0.011359	0.011156	0.011933	0.010801	0.010916	0.011123	0.011067	0.010762	0.010762	0.000000	0.004176	0.005429	0.003866	0.003866	0.000000	0.005584	0.005617	0.004126	0.004126	0.014579	0.010429	0.008998
Norovirus_GVI.1g	0.011631	0.009848	0.014731	0.012749	0.014702	0.011541	0.010769	0.010961	0.010980	0.011370	0.007683	0.006802	0.010316	0.010043	0.010692	0.008155	0.008602	0.008406	0.008406	0.009905	0.017774	0.017774	0.017371	0.016887	0.017821	0.017143	0.016813	0.018259	0.018168	0.017143	0.004825	0.010846	0.012584	0.009948	0.004825	0.006048	0.004738	0.004825	0.003288	0.002735	0.011388	0.010167	0.010706	0.012435	0.011055	0.011461	0.011370	0.011388	0.010904	0.010904	0.005584	0.003759	0.006415	0.003814	0.003814	0.005584	0.000000	0.006823	0.004825	0.004825	0.013654	0.010904	0.009563
Norovirus_GVI.1h	0.008529	0.009735	0.013221	0.010269	0.010568	0.009476	0.009225	0.009622	0.009021	0.009293	0.007624	0.004785	0.008226	0.007356	0.007944	0.008974	0.009426	0.009940	0.009492	0.009579	0.016082	0.016082	0.014383	0.014651	0.015637	0.015056	0.014594	0.016503	0.016402	0.015056	0.007261	0.013100	0.013477	0.011699	0.007261	0.006180	0.006665	0.007261	0.004735	0.005235	0.009382	0.012156	0.011025	0.009940	0.009293	0.009248	0.009180	0.009382	0.008740	0.008740	0.005617	0.005727	0.000644	0.006758	0.006758	0.005617	0.006823	0.000000	0.004646	0.004646	0.014593	0.009135	0.008048
Norovirus_GVI.1i	0.008934	0.010923	0.012140	0.010208	0.010973	0.009541	0.008716	0.009044	0.008596	0.009404	0.006758	0.003817	0.008125	0.005913	0.008858	0.007996	0.008351	0.008073	0.007732	0.008125	0.014834	0.014834	0.014909	0.014043	0.014945	0.014306	0.013969	0.015862	0.015783	0.014306	0.005763	0.007953	0.011801	0.007168	0.005763	0.005155	0.004556	0.005763	0.001116	0.002137	0.009535	0.009720	0.009394	0.010249	0.009089	0.009270	0.009426	0.009535	0.008905	0.008905	0.004126	0.002323	0.004225	0.002734	0.002734	0.004126	0.004825	0.004646	0.000000	0.000000	0.012757	0.008572	0.008669
Norovirus_GVI.1j	0.008934	0.010923	0.012140	0.010208	0.010973	0.009541	0.008716	0.009044	0.008596	0.009404	0.006758	0.003817	0.008125	0.005913	0.008858	0.007996	0.008351	0.008073	0.007732	0.008125	0.014834	0.014834	0.014909	0.014043	0.014945	0.014306	0.013969	0.015862	0.015783	0.014306	0.005763	0.007953	0.011801	0.007168	0.005763	0.005155	0.004556	0.005763	0.001116	0.002137	0.009535	0.009720	0.009394	0.010249	0.009089	0.009270	0.009426	0.009535	0.008905	0.008905	0.004126	0.002323	0.004225	0.002734	0.002734	0.004126	0.004825	0.004646	0.000000	0.000000	0.012757	0.008572	0.008669
Norovirus_GVII.1a	0.017088	0.015748	0.017643	0.018329	0.019863	0.018523	0.017296	0.017332	0.017536	0.017548	0.014038	0.012659	0.011571	0.012692	0.010958	0.012492	0.012985	0.010430	0.012153	0.010824	0.014975	0.014975	0.016436	0.015711	0.015791	0.015537	0.015087	0.016015	0.016015	0.015537	0.013413	0.012522	0.003832	0.011037	0.013413	0.013873	0.013813	0.013413	0.013065	0.012856	0.013256	0.012953	0.012592	0.014750	0.012358	0.013049	0.013049	0.013256	0.012937	0.012937	0.014579	0.011625	0.014260	0.011480	0.011480	0.014579	0.013654	0.014593	0.012757	0.012757	0.000000	0.011768	0.013752
Norovirus_GVIII.1a	0.011407	0.006669	0.012089	0.012225	0.012903	0.008980	0.009793	0.010044	0.009835	0.010208	0.005032	0.005320	0.000644	0.006736	0.002657	0.005352	0.005313	0.005467	0.005940	0.006539	0.012560	0.012560	0.014839	0.011881	0.012870	0.011776	0.011776	0.013849	0.013759	0.011776	0.011828	0.012774	0.010220	0.011735	0.011828	0.011308	0.010188	0.011828	0.008905	0.008974	0.007375	0.008006	0.007769	0.007597	0.005905	0.006214	0.006214	0.007375	0.006044	0.006044	0.010429	0.009270	0.009021	0.009643	0.009643	0.010429	0.010904	0.009135	0.008572	0.008572	0.011768	0.000000	0.004417
Norwalk-like_virus	0.015859	0.011388	0.017181	0.014565	0.015288	0.013023	0.014721	0.015056	0.014665	0.014364	0.005073	0.004029	0.003972	0.010601	0.004126	0.003866	0.003866	0.006313	0.006571	0.007785	0.013954	0.013954	0.015443	0.013142	0.013577	0.013283	0.012757	0.014537	0.014393	0.013283	0.010548	0.011247	0.013162	0.010702	0.010548	0.010044	0.009293	0.010548	0.008426	0.008692	0.006969	0.009169	0.009124	0.008475	0.007290	0.007431	0.007431	0.006969	0.007732	0.007732	0.008998	0.009359	0.008022	0.009203	0.009203	0.008998	0.009563	0.008048	0.008669	0.008669	0.013752	0.004417	0.000000
