63
Norovirus_GI.1a,0.00000000000,0.31014050192,0.56769330832,0.46366230815,0.63603944880,0.45913094413,0.50666969637,0.50058850939,0.60231592300,0.60798541208,0.50663215113,0.36577083731,0.60314253244,0.17153981997,0.77987580177,0.48343563159,0.49356230547,0.88849423244,0.85240826972,0.74422139322,0.54818239997,0.54818239997,0.36400005524,0.51485082755,0.47692991670,0.49559476423,0.49559476423,0.41747617714,0.46374287829,0.49559476423,0.52394666384,0.67145419720,0.02952824028,0.70712444159,0.52394666384,0.63632375052,0.54005379230,0.52394666384,0.59474316392,0.56211209040,0.80616928013,0.97141542223,0.98577700034,0.95981338606,0.89618726338,0.87145866491,0.84324891983,0.80616928013,0.86826686291,0.86826686291,0.46743947798,0.44928142915,0.76369258102,0.63406829938,0.63406829938,0.46743947798,0.29956269933,0.76733798300,0.68472651169,0.68472651169,0.31146702023,0.53079220534,0.13995565184
Norovirus_GI.1b,0.31014050192,0.00000000000,0.70809810556,0.78448689651,0.76576422254,0.46886444087,0.93916831466,0.94073662758,0.94533959754,0.93650699323,0.53010136600,0.83306384198,0.85108947275,0.31969733499,0.85345224831,0.76401791818,0.67788403965,0.84137899436,0.83069555283,0.68034603133,0.09634195469,0.09634195469,0.05021838150,0.10154286181,0.12063627267,0.14404071586,0.11423229549,0.06413134207,0.08413198766,0.14404071586,0.51941483560,0.39932598922,0.15589842809,0.71524601903,0.51941483560,0.79211571699,0.70094248288,0.51941483560,0.29778410769,0.32020638024,0.53133716966,0.93573071809,0.95182626823,0.73992394478,0.69760952554,0.67080271514,0.58532068800,0.53133716966,0.63119645075,0.63119645075,0.62360861594,0.34586914412,0.76305400131,0.47233050746,0.47233050746,0.62360861594,0.47422355286,0.76543493977,0.34197776668,0.34197776668,0.24843467462,0.86089295422,0.53307043915
Norovirus_GI.1c,0.56769330832,0.70809810556,0.00000000000,0.60831329208,0.22858415818,0.59262680186,0.53663266790,0.53974935040,0.51285753661,0.73366145712,0.29540287951,0.08186736761,0.62619198253,0.02300585332,0.37473826740,0.47464575488,0.34111296189,0.57916564589,0.60113741361,0.58933964292,0.41684323683,0.41684323683,0.21609359504,0.55987797662,0.47518808900,0.50203465317,0.50983464033,0.32964507145,0.37255243674,0.50203465317,0.48299290438,0.49863207602,0.03755269694,0.27313371224,0.48299290438,0.48652433150,0.45282856491,0.48299290438,0.40832878530,0.39937791276,0.53097917956,0.85618136687,0.79337486000,0.65602467373,0.70924311458,0.70945949097,0.64292807997,0.53097917956,0.61773127257,0.61773127257,0.31660178344,0.54717878226,0.59671853566,0.43228267410,0.43228267410,0.31660178344,0.37613849982,0.60608024073,0.50075481499,0.50075481499,0.14161406527,0.66012525409,0.19435239749
Norovirus_GI.1d,0.46366230815,0.78448689651,0.60831329208,0.00000000000,0.07210839103,0.68274665737,0.46408872617,0.36891359956,0.43114318218,0.57298599191,0.58869053926,0.09219618636,0.65632116097,0.09787748271,0.45476461552,0.73759624616,0.62609007790,0.72001566875,0.71549799813,0.69490757079,0.35131976348,0.35131976348,0.28761249550,0.50631220361,0.38214043584,0.45883036895,0.47853611107,0.28569286613,0.31723936721,0.45883036895,0.64070255299,0.53189666420,0.07039424961,0.42907381038,0.64070255299,0.70207121847,0.62286129487,0.64070255299,0.63123546996,0.63542581782,0.49562325288,0.94477040352,0.91483692986,0.72272489463,0.78735675767,0.74834233823,0.69988875646,0.49562325288,0.68277098561,0.68277098561,0.46538577010,0.69824686120,0.82194870607,0.61027359397,0.61027359397,0.46538577010,0.59201040650,0.82694150913,0.66105484455,0.66105484455,0.17556487757,0.68709133959,0.34107902721
Norovirus_GI.1e,0.63603944880,0.76576422254,0.22858415818,0.07210839103,0.00000000000,0.73527636295,0.23680981522,0.15090645173,0.25479502881,0.30623208922,0.43176850889,0.07870660454,0.61270862040,0.05804830984,0.34047106822,0.66319482021,0.55394622399,0.54567969587,0.52538981911,0.49292181368,0.60076878524,0.60076878524,0.49828519402,0.77987333462,0.64725940449,0.74675936575,0.77407284297,0.57394430133,0.58474038049,0.74675936575,0.52495369749,0.28913377078,0.05676099279,0.18633726019,0.52495369749,0.58210978104,0.48260677055,0.52495369749,0.54312546599,0.53169850029,0.46186635970,0.91258622537,0.88940587286,0.72022329914,0.75870409535,0.72771697906,0.67329681415,0.46186635970,0.64116901432,0.64116901432,0.36185843123,0.56829892390,0.73864674752,0.44725264888,0.44725264888,0.36185843123,0.40425408640,0.75064557048,0.57963751956,0.57963751956,0.15929244472,0.63999153983,0.25727181864
Norovirus_GI.1f,0.45913094413,0.46886444087,0.59262680186,0.68274665737,0.73527636295,0.00000000000,0.83270779069,0.83773509268,0.84698730701,0.83763571346,0.41202161354,0.60902667647,0.79484365562,0.29790402571,0.68692001811,0.39281645792,0.41258312757,0.73902614846,0.79126015050,0.58019336034,0.62684025720,0.62684025720,0.22693582453,0.53978331916,0.63298128149,0.56434257787,0.58697086548,0.44989499414,0.48617446081,0.56434257787,0.76322844688,0.37172733466,0.03409948462,0.48246860386,0.76322844688,0.86698750673,0.82060582102,0.76322844688,0.68452963228,0.64794158920,0.65316429901,0.95055015030,0.96747344017,0.85676295042,0.81840423133,0.71792442131,0.64945694326,0.65316429901,0.67570365520,0.67570365520,0.70638401204,0.72749747963,0.78699437602,0.78685333962,0.78685333962,0.70638401204,0.59464790544,0.79050853676,0.75817277653,0.75817277653,0.18012953023,0.80348058178,0.35554309893
Norovirus_GI.1g,0.50666969637,0.93916831466,0.53663266790,0.46408872617,0.23680981522,0.83270779069,0.00000000000,0.31731050786,0.26146412995,0.39162517627,0.60504020859,0.19946848183,0.81775238388,0.14008675485,0.46470103664,0.58703426952,0.45340606335,0.74568545266,0.72795736994,0.65372545043,0.29645334595,0.29645334595,0.20193379603,0.44004806782,0.33864910521,0.38973900768,0.37569568003,0.22309099424,0.26083240553,0.38973900768,0.55744511348,0.75359365846,0.05416861484,0.48411631520,0.55744511348,0.72004572252,0.58952343648,0.55744511348,0.59609320674,0.60261292574,0.39331019654,0.98810449393,0.98101503893,0.60018368908,0.71248772799,0.59787164204,0.53356938606,0.39331019654,0.51180599904,0.51180599904,0.44864046443,0.47022973985,0.83924979718,0.50201111576,0.50201111576,0.44864046443,0.46039446505,0.84250419769,0.64599891277,0.64599891277,0.15196554199,0.83730434197,0.25386625409
Norovirus_GI.1h,0.50058850939,0.94073662758,0.53974935040,0.36891359956,0.15090645173,0.83773509268,0.31731050786,0.00000000000,0.22313016015,0.36787944117,0.60073256226,0.18105938552,0.79968234238,0.13311759336,0.45598864932,0.56433209154,0.43086269786,0.71012662651,0.71246308131,0.65109591524,0.31095865830,0.31095865830,0.20529503593,0.44574069907,0.35440526299,0.39510402525,0.39240700661,0.23500568748,0.27372998339,0.39510402525,0.54214341691,0.70539308188,0.05101052757,0.39311452877,0.54214341691,0.70665934866,0.57610717824,0.54214341691,0.57515549618,0.58166014415,0.38291682452,0.98565022909,0.97556708480,0.59784307273,0.70588226560,0.59099261253,0.52679935410,0.38291682452,0.50952528196,0.50952528196,0.43307808296,0.45155698884,0.82538594384,0.49461859403,0.49461859403,0.43307808296,0.45873956805,0.82876289267,0.62923875746,0.62923875746,0.14721472980,0.82222349137,0.24060770355
Norovirus_GI.1i,0.60231592300,0.94533959754,0.51285753661,0.43114318218,0.25479502881,0.84698730701,0.26146412995,0.22313016015,0.00000000000,0.50616521909,0.63313025243,0.20042757179,0.82188301971,0.16711896670,0.47477733874,0.60031171365,0.46629908102,0.71027454559,0.72330343647,0.68320186210,0.33421833235,0.33421833235,0.24062791866,0.48029189401,0.38659378060,0.42993934696,0.42815517527,0.26322888209,0.30345602928,0.42993934696,0.56971619181,0.72411630856,0.05551785593,0.40912341187,0.56971619181,0.73701039562,0.60026078474,0.56971619181,0.60589461387,0.60826962090,0.46878044327,0.97916540536,0.96649035886,0.68679350286,0.77511356155,0.66837377515,0.60738121520,0.46878044327,0.59258525774,0.59258525774,0.46565838731,0.47394166693,0.85436491699,0.51249404636,0.51249404636,0.46565838731,0.46658532757,0.85863903035,0.65902884325,0.65902884325,0.15062306064,0.84123783091,0.28022985478
Norovirus_GI.1j,0.60798541208,0.93650699323,0.73366145712,0.57298599191,0.30623208922,0.83763571346,0.39162517627,0.36787944117,0.50616521909,0.00000000000,0.57282199383,0.16338846891,0.80410790286,0.12088059840,0.45461965882,0.63312568851,0.50036019775,0.68185557549,0.68672709584,0.62884623657,0.37063831963,0.37063831963,0.22794232253,0.48632744081,0.38928713176,0.43360080787,0.43221990427,0.26189080616,0.30260338430,0.43360080787,0.50402360789,0.67875315815,0.05773958067,0.34703432208,0.50402360789,0.67187319406,0.53368128256,0.50402360789,0.57718981722,0.58369670860,0.44763619570,0.98126724885,0.96929781129,0.66967567485,0.76802303622,0.65934557098,0.59956548040,0.44763619570,0.57897233653,0.57897233653,0.40086209650,0.42381487354,0.83314243259,0.45649211720,0.45649211720,0.40086209650,0.43267672818,0.83645225739,0.60024986832,0.60024986832,0.16678821461,0.82644050403,0.29093957903
Norovirus_GII.1a,0.50663215113,0.53010136600,0.29540287951,0.58869053926,0.43176850889,0.41202161354,0.60504020859,0.60073256226,0.63313025243,0.57282199383,0.00000000000,0.94800248398,0.29582311026,0.56892988768,0.59034661561,0.49158778662,0.56706624597,0.48608524328,0.16699628053,0.79852926811,0.23829034859,0.23829034859,0.39574303898,0.31013080490,0.28716524606,0.34685551480,0.34685551480,0.22890552042,0.28790201045,0.34685551480,0.72310837248,0.81609545862,0.05299200490,0.74785355371,0.72310837248,0.83028068790,0.68680999709,0.72310837248,0.85689318169,0.86905245822,0.70968884724,0.54832873178,0.49340826725,0.79770863759,0.68793134125,0.57766048993,0.57766048993,0.70968884724,0.56863880111,0.56863880111,0.67709486558,0.87316381802,0.72201461699,0.86205982125,0.86205982125,0.67709486558,0.87499095890,0.71646388684,0.83068624717,0.83068624717,0.01592012266,0.39355489521,0.27949259295
Norovirus_GII.1b,0.36577083731,0.83306384198,0.08186736761,0.09219618636,0.07870660454,0.60902667647,0.19946848183,0.18105938552,0.20042757179,0.16338846891,0.94800248398,0.00000000000,0.59366701361,0.72640808283,0.71484971599,0.77217412198,0.81299154172,0.65969609287,0.64706844412,0.92757816263,0.19755613901,0.19755613901,0.59063246541,0.33373716607,0.36701627042,0.38129736098,0.38423794603,0.28088143764,0.36200162581,0.38129736098,0.96434222937,0.95897714354,0.01505098696,0.92275771209,0.96434222937,0.98777281457,0.97758756509,0.96434222937,0.98514264150,0.98170081595,0.77351356490,0.20509929519,0.20775949641,0.79921116440,0.64709225896,0.62096048485,0.62096048485,0.77351356490,0.62870519715,0.62870519715,0.96028968293,0.97992578750,0.99795705535,0.95084744054,0.95084744054,0.96028968293,0.96605692683,0.99763074806,0.94906654962,0.94906654962,0.01609018983,0.56161060404,0.80725392423
Norovirus_GII.1c,0.60314253244,0.85108947275,0.62619198253,0.65632116097,0.61270862040,0.79484365562,0.81775238388,0.79968234238,0.82188301971,0.80410790286,0.29582311026,0.59366701361,0.00000000000,0.72322170964,0.81040299235,0.23269876089,0.20573283517,0.52313257978,0.53929429565,0.25891197248,0.56919893182,0.56919893182,0.56748642146,0.68339926940,0.65673367243,0.71356767095,0.71356767095,0.52421801622,0.58229322680,0.71356767095,0.27395088835,0.47906119862,0.15407532277,0.13853909671,0.27395088835,0.41666458857,0.47958514483,0.27395088835,0.60420618454,0.64619456676,0.82436863170,0.86224697545,0.87743080907,0.80646713444,0.93010075959,0.77456075619,0.77456075619,0.82436863170,0.78689495217,0.78689495217,0.38740042580,0.62168063796,0.51092133830,0.52399181258,0.52399181258,0.38740042580,0.33537031561,0.50972690465,0.63334798206,0.63334798206,0.10343180572,0.80125195690,0.42598442675
Norovirus_GII.1d,0.17153981997,0.31969733499,0.02300585332,0.09787748271,0.05804830984,0.29790402571,0.14008675485,0.13311759336,0.16711896670,0.12088059840,0.56892988768,0.72640808283,0.72322170964,0.00000000000,0.26248737543,0.66404576262,0.76671761752,0.57337672345,0.62032703359,0.73741959875,0.57529266014,0.57529266014,0.78226598996,0.74080462034,0.74832012714,0.78160045227,0.78394408362,0.67027278691,0.70541790568,0.78160045227,0.92178931102,0.90778107630,0.06646798674,0.77417443638,0.92178931102,0.97418274085,0.94446665202,0.92178931102,0.94584219664,0.92687618027,0.51032401157,0.66059731935,0.68884061194,0.46152148411,0.50148035620,0.43642534861,0.42892102143,0.51032401157,0.46713239699,0.46713239699,0.90634442846,0.91448947713,0.95634989891,0.82496301920,0.82496301920,0.90634442846,0.85390175698,0.95135746963,0.90103326275,0.90103326275,0.04685173800,0.64723214713,0.14380208817
Norovirus_GII.1e,0.77987580177,0.85345224831,0.37473826740,0.45476461552,0.34047106822,0.68692001811,0.46470103664,0.45598864932,0.47477733874,0.45461965882,0.59034661561,0.71484971599,0.81040299235,0.26248737543,0.00000000000,0.70077934630,0.76633434755,0.75085830979,0.81645944096,0.19133394885,0.23632739559,0.23632739559,0.16046157492,0.24922483708,0.21938371011,0.22242247022,0.25293036808,0.14807778257,0.19100529844,0.22242247022,0.48017194585,0.78250587257,0.09597007321,0.45093410005,0.48017194585,0.40226994215,0.67210069849,0.48017194585,0.71633383105,0.68790203723,0.76250386267,0.58464216779,0.52954021419,0.64136896536,0.89696313128,0.68202925515,0.68202925515,0.76250386267,0.66301354494,0.66301354494,0.48674537574,0.72974385375,0.68453898163,0.67755933808,0.67755933808,0.48674537574,0.50581521454,0.68578656978,0.76519589655,0.76519589655,0.09464254760,0.81678848081,0.61186227699
Norovirus_GII.1f,0.48343563159,0.76401791818,0.47464575488,0.73759624616,0.66319482021,0.39281645792,0.58703426952,0.56433209154,0.60031171365,0.63312568851,0.49158778662,0.77217412198,0.23269876089,0.66404576262,0.70077934630,0.00000000000,0.55782540037,0.26333852640,0.26479400573,0.27812504599,0.21000536950,0.21000536950,0.25931946497,0.27240448245,0.26238283925,0.26899597598,0.30485479795,0.18076555601,0.21273056195,0.26899597598,0.60372135757,0.69981040449,0.08734846914,0.32998689435,0.60372135757,0.79025721049,0.56555062848,0.60372135757,0.80556797693,0.81555996639,0.80134468058,0.90227074879,0.87550379229,0.72751293095,0.90129614827,0.73137818157,0.73137818157,0.80134468058,0.72727763796,0.72727763796,0.56664641914,0.77788005715,0.55753517044,0.69387371258,0.69387371258,0.56664641914,0.56348324781,0.54410674576,0.72179629918,0.72179629918,0.04012733508,0.28245491854,0.48860879462
Norovirus_GII.1g,0.49356230547,0.67788403965,0.34111296189,0.62609007790,0.55394622399,0.41258312757,0.45340606335,0.43086269786,0.46629908102,0.50036019775,0.56706624597,0.81299154172,0.20573283517,0.76671761752,0.76633434755,0.55782540037,0.00000000000,0.33836177759,0.33600220928,0.28524634846,0.28935698145,0.28935698145,0.34630216188,0.36996198672,0.34686867689,0.35816786299,0.39765471951,0.26399062373,0.29033448101,0.35816786299,0.67453369380,0.73989207993,0.11014609098,0.51441131229,0.67453369380,0.81991528973,0.60361667434,0.67453369380,0.81793193204,0.81133669041,0.73978729103,0.87811444488,0.86714349348,0.69243122092,0.78504003040,0.66562965300,0.66562965300,0.73978729103,0.67885792352,0.67885792352,0.62308467729,0.76505838656,0.55691002488,0.69478545652,0.69478545652,0.62308467729,0.56774383584,0.54067547590,0.73629697056,0.73629697056,0.06039087447,0.37813806298,0.32725583555
Norovirus_GII.1h,0.88849423244,0.84137899436,0.57916564589,0.72001566875,0.54567969587,0.73902614846,0.74568545266,0.71012662651,0.71027454559,0.68185557549,0.48608524328,0.65969609287,0.52313257978,0.57337672345,0.75085830979,0.26333852640,0.33836177759,0.00000000000,0.48145670471,0.27772706506,0.32285030552,0.32285030552,0.29350704283,0.40910138714,0.41403513782,0.45128118792,0.45128118792,0.31047954883,0.36424942172,0.45128118792,0.65053166579,0.94129095019,0.32998078367,0.87856553654,0.65053166579,0.68690046045,0.67576095964,0.65053166579,0.87456870185,0.89695016411,0.75174692919,0.79097618002,0.79394319965,0.71221942017,0.68160565447,0.71786745238,0.71786745238,0.75174692919,0.72723788354,0.72723788354,0.64211640151,0.80388453936,0.65075784644,0.72672873931,0.72672873931,0.64211640151,0.81737426738,0.63244271381,0.82736924163,0.82736924163,0.24682722333,0.48076731546,0.17661541889
Norovirus_GII.1i,0.85240826972,0.83069555283,0.60113741361,0.71549799813,0.52538981911,0.79126015050,0.72795736994,0.71246308131,0.72330343647,0.68672709584,0.16699628053,0.64706844412,0.53929429565,0.62032703359,0.81645944096,0.26479400573,0.33600220928,0.48145670471,0.00000000000,0.17274164945,0.32831069817,0.32831069817,0.32520323366,0.42069052293,0.37245676885,0.46800200432,0.46800200432,0.31851750408,0.37309952324,0.46800200432,0.66537565441,0.84439150803,0.28620813634,0.79804407191,0.66537565441,0.64781839070,0.66540797346,0.66537565441,0.84812275622,0.87290914446,0.76800474789,0.68034097376,0.65505337880,0.70526322243,0.68765289892,0.71688758653,0.71688758653,0.76800474789,0.71961765961,0.71961765961,0.60821887034,0.81466595117,0.71618903455,0.78874111693,0.78874111693,0.60821887034,0.76019217170,0.70120989462,0.82907288195,0.82907288195,0.17985613779,0.54288718147,0.20569610362
Norovirus_GII.1j,0.74422139322,0.68034603133,0.58933964292,0.69490757079,0.49292181368,0.58019336034,0.65372545043,0.65109591524,0.68320186210,0.62884623657,0.79852926811,0.92757816263,0.25891197248,0.73741959875,0.19133394885,0.27812504599,0.28524634846,0.27772706506,0.17274164945,0.00000000000,0.39461377798,0.39461377798,0.40126532662,0.48725068112,0.43044212522,0.52207670956,0.52207670956,0.36065290740,0.41909634251,0.52207670956,0.50911852442,0.83457855855,0.25993574597,0.89194418083,0.50911852442,0.40975258351,0.63330278193,0.50911852442,0.83484185204,0.84750483749,0.70294069134,0.64237796953,0.62431788277,0.59650760658,0.58927721877,0.59835954221,0.59835954221,0.70294069134,0.57843887318,0.57843887318,0.47408662339,0.70640720500,0.70344724633,0.64303494677,0.64303494677,0.47408662339,0.63198537052,0.69537083462,0.83971818104,0.83971818104,0.16126648764,0.26238870597,0.06706813269
Norovirus_GIII.1a,0.54818239997,0.09634195469,0.41684323683,0.35131976348,0.60076878524,0.62684025720,0.29645334595,0.31095865830,0.33421833235,0.37063831963,0.23829034859,0.19755613901,0.56919893182,0.57529266014,0.23632739559,0.21000536950,0.28935698145,0.32285030552,0.32831069817,0.39461377798,0.00000000000,1.00000000000,0.06655085670,0.33651299395,0.39196289160,0.28724168343,0.28724168343,0.22381398130,0.22381398130,0.28724168343,0.25622044381,0.31638645979,0.43005948503,0.49084773340,0.25622044381,0.28872263762,0.25067860706,0.25622044381,0.19880508721,0.16618975990,0.11553852549,0.34419284293,0.49641909648,0.08628626997,0.25528701123,0.22556242281,0.19562872711,0.11553852549,0.18688025001,0.18688025001,0.19193847854,0.16064907527,0.19034363458,0.28151398023,0.28151398023,0.19193847854,0.06461891313,0.18720530616,0.26518618571,0.26518618571,0.66310341112,0.57151298825,0.25469558138
Norovirus_GIII.1b,0.54818239997,0.09634195469,0.41684323683,0.35131976348,0.60076878524,0.62684025720,0.29645334595,0.31095865830,0.33421833235,0.37063831963,0.23829034859,0.19755613901,0.56919893182,0.57529266014,0.23632739559,0.21000536950,0.28935698145,0.32285030552,0.32831069817,0.39461377798,1.00000000000,0.00000000000,0.06655085670,0.33651299395,0.39196289160,0.28724168343,0.28724168343,0.22381398130,0.22381398130,0.28724168343,0.25622044381,0.31638645979,0.43005948503,0.49084773340,0.25622044381,0.28872263762,0.25067860706,0.25622044381,0.19880508721,0.16618975990,0.11553852549,0.34419284293,0.49641909648,0.08628626997,0.25528701123,0.22556242281,0.19562872711,0.11553852549,0.18688025001,0.18688025001,0.19193847854,0.16064907527,0.19034363458,0.28151398023,0.28151398023,0.19193847854,0.06461891313,0.18720530616,0.26518618571,0.26518618571,0.66310341112,0.57151298825,0.25469558138
Norovirus_GIII.1c,0.36400005524,0.05021838150,0.21609359504,0.28761249550,0.49828519402,0.22693582453,0.20193379603,0.20529503593,0.24062791866,0.22794232253,0.39574303898,0.59063246541,0.56748642146,0.78226598996,0.16046157492,0.25931946497,0.34630216188,0.29350704283,0.32520323366,0.40126532662,0.06655085670,0.06655085670,0.00000000000,0.15497387139,0.21120884889,0.31609808301,0.31609808301,0.24240523330,0.30412041509,0.31609808301,0.41764081834,0.43015738199,0.36392064202,0.60435258695,0.41764081834,0.49241748461,0.38839549159,0.41764081834,0.31929624938,0.26805614406,0.07848913911,0.43060751959,0.52729403285,0.03441170919,0.18008634831,0.13284717133,0.12363835683,0.07848913911,0.12913697022,0.12913697022,0.40853811689,0.28491675815,0.43726816294,0.37702116206,0.37702116206,0.40853811689,0.08349153180,0.43801169152,0.37426569807,0.37426569807,0.52381597123,0.57433901327,0.32014753609
Norovirus_GIII.1d,0.51485082755,0.10154286181,0.55987797662,0.50631220361,0.77987333462,0.53978331916,0.44004806782,0.44574069907,0.48029189401,0.48632744081,0.31013080490,0.33373716607,0.68339926940,0.74080462034,0.24922483708,0.27240448245,0.36996198672,0.40910138714,0.42069052293,0.48725068112,0.33651299395,0.33651299395,0.15497387139,0.00000000000,0.37152113820,0.70553473120,0.70553473120,0.17559934796,0.17559934796,0.70553473120,0.39018368816,0.39799202210,0.51986305854,0.54440400842,0.39018368816,0.46222161020,0.37788195430,0.39018368816,0.31918526362,0.27054174446,0.11702402737,0.59753679865,0.71462504972,0.08307865671,0.24977664494,0.21654197743,0.19346177575,0.11702402737,0.20133871772,0.20133871772,0.35333442103,0.30269880965,0.33633117210,0.36932782256,0.36932782256,0.35333442103,0.08457497117,0.33437388352,0.39785659518,0.39785659518,0.64812267822,0.67825550505,0.35324520860
Norovirus_GIII.1e,0.47692991670,0.12063627267,0.47518808900,0.38214043584,0.64725940449,0.63298128149,0.33864910521,0.35440526299,0.38659378060,0.38928713176,0.28716524606,0.36701627042,0.65673367243,0.74832012714,0.21938371011,0.26238283925,0.34686867689,0.41403513782,0.37245676885,0.43044212522,0.39196289160,0.39196289160,0.21120884889,0.37152113820,0.00000000000,0.39162517627,0.39162517627,0.72123337463,0.72123337463,0.39162517627,0.33355235026,0.44068499625,0.45563541838,0.54179286056,0.33355235026,0.39552916153,0.32041610695,0.33355235026,0.26248752208,0.21957183849,0.10670445586,0.45590354942,0.61655576203,0.07772771190,0.23221290380,0.20015455516,0.17604473639,0.10670445586,0.17474542710,0.17474542710,0.28622013905,0.24509862401,0.27738320423,0.31169610647,0.31169610647,0.28622013905,0.06419062721,0.27458288247,0.33020065530,0.33020065530,0.63033160991,0.65368414820,0.36564860560
Norovirus_GIII.1f,0.49559476423,0.14404071586,0.50203465317,0.45883036895,0.74675936575,0.56434257787,0.38973900768,0.39510402525,0.42993934696,0.43360080787,0.34685551480,0.38129736098,0.71356767095,0.78160045227,0.22242247022,0.26899597598,0.35816786299,0.45128118792,0.46800200432,0.52207670956,0.28724168343,0.28724168343,0.31609808301,0.70553473120,0.39162517627,0.00000000000,1.00000000000,0.19914827347,0.19914827347,1.00000000000,0.41450564167,0.40034520858,0.53952690568,0.54980208389,0.41450564167,0.48735534633,0.39103015443,0.41450564167,0.30890148722,0.25952672143,0.09187899753,0.56010993812,0.68080232012,0.06558510775,0.20569118507,0.18112542923,0.15791047773,0.09187899753,0.16553123008,0.16553123008,0.36813091117,0.30454158718,0.35253888823,0.37888935196,0.37888935196,0.36813091117,0.08972665706,0.34780620592,0.39786760123,0.39786760123,0.66692554345,0.70585545129,0.35380581023
Norovirus_GIII.1g,0.49559476423,0.11423229549,0.50983464033,0.47853611107,0.77407284297,0.58697086548,0.37569568003,0.39240700661,0.42815517527,0.43221990427,0.34685551480,0.38423794603,0.71356767095,0.78394408362,0.25293036808,0.30485479795,0.39765471951,0.45128118792,0.46800200432,0.52207670956,0.28724168343,0.28724168343,0.31609808301,0.70553473120,0.39162517627,1.00000000000,0.00000000000,0.19914827347,0.28729749518,1.00000000000,0.42039392594,0.43041146283,0.58932827261,0.57332523460,0.42039392594,0.48735534633,0.40082908368,0.42039392594,0.33722483890,0.28794017007,0.08928645224,0.55442468329,0.67786669778,0.06052690418,0.19960792263,0.17402541742,0.15213042936,0.08928645224,0.15754438188,0.15754438188,0.37872505798,0.31897574531,0.37497769107,0.39575536422,0.39575536422,0.37872505798,0.09639197970,0.37152281466,0.41588775024,0.41588775024,0.71661230111,0.70585545129,0.40127908820
Norovirus_GIII.1h,0.41747617714,0.06413134207,0.32964507145,0.28569286613,0.57394430133,0.44989499414,0.22309099424,0.23500568748,0.26322888209,0.26189080616,0.22890552042,0.28088143764,0.52421801622,0.67027278691,0.14807778257,0.18076555601,0.26399062373,0.31047954883,0.31851750408,0.36065290740,0.22381398130,0.22381398130,0.24240523330,0.17559934796,0.72123337463,0.19914827347,0.19914827347,0.00000000000,0.36787944117,0.19914827347,0.32796183659,0.32356520323,0.49200295291,0.47632296386,0.32796183659,0.36542898028,0.31141021552,0.32796183659,0.23563018720,0.19241385712,0.07469577882,0.41918257857,0.54903747166,0.05170956269,0.17823359293,0.14679414230,0.12978208438,0.07469577882,0.13180340086,0.13180340086,0.28620702356,0.22182605268,0.23257878524,0.27723061607,0.27723061607,0.28620702356,0.05577071694,0.22900222607,0.30752206741,0.30752206741,0.64327397914,0.52724685644,0.27668089338
Norovirus_GIII.1i,0.46374287829,0.08413198766,0.37255243674,0.31723936721,0.58474038049,0.48617446081,0.26083240553,0.27372998339,0.30345602928,0.30260338430,0.28790201045,0.36200162581,0.58229322680,0.70541790568,0.19100529844,0.21273056195,0.29033448101,0.36424942172,0.37309952324,0.41909634251,0.22381398130,0.22381398130,0.30412041509,0.17559934796,0.72123337463,0.19914827347,0.28729749518,0.36787944117,0.00000000000,0.19914827347,0.34285809013,0.32345472221,0.45778367907,0.48478936450,0.34285809013,0.39502110766,0.32914456718,0.34285809013,0.24987172907,0.20467718707,0.11762156672,0.47005519867,0.59001663432,0.08183847461,0.21385069312,0.21701717397,0.19450737152,0.11762156672,0.19729302670,0.19729302670,0.29185349029,0.24803670575,0.26565178716,0.30970930881,0.30970930881,0.29185349029,0.06479800746,0.26171687792,0.32457520946,0.32457520946,0.63928156023,0.58537869861,0.32863039511
Norovirus_GIII.1j,0.49559476423,0.14404071586,0.50203465317,0.45883036895,0.74675936575,0.56434257787,0.38973900768,0.39510402525,0.42993934696,0.43360080787,0.34685551480,0.38129736098,0.71356767095,0.78160045227,0.22242247022,0.26899597598,0.35816786299,0.45128118792,0.46800200432,0.52207670956,0.28724168343,0.28724168343,0.31609808301,0.70553473120,0.39162517627,1.00000000000,1.00000000000,0.19914827347,0.19914827347,0.00000000000,0.41450564167,0.40034520858,0.53952690568,0.54980208389,0.41450564167,0.48735534633,0.39103015443,0.41450564167,0.30890148722,0.25952672143,0.09187899753,0.56010993812,0.68080232012,0.06558510775,0.20569118507,0.18112542923,0.15791047773,0.09187899753,0.16553123008,0.16553123008,0.36813091117,0.30454158718,0.35253888823,0.37888935196,0.37888935196,0.36813091117,0.08972665706,0.34780620592,0.39786760123,0.39786760123,0.66692554345,0.70585545129,0.35380581023
Norovirus_GIV.1a,0.52394666384,0.51941483560,0.48299290438,0.64070255299,0.52495369749,0.76322844688,0.55744511348,0.54214341691,0.56971619181,0.50402360789,0.72310837248,0.96434222937,0.27395088835,0.92178931102,0.48017194585,0.60372135757,0.67453369380,0.65053166579,0.66537565441,0.50911852442,0.25622044381,0.25622044381,0.41764081834,0.39018368816,0.33355235026,0.41450564167,0.42039392594,0.32796183659,0.34285809013,0.41450564167,0.00000000000,0.21814652827,0.02923523346,0.46273074371,1.00000000000,0.32084719886,0.66918290203,1.00000000000,0.47236514436,0.31681514738,0.42033550242,0.26361068462,0.26983069472,0.37772569245,0.53692427880,0.46978494403,0.45572568235,0.42033550242,0.48671126597,0.48671126597,0.25265604650,0.29925083045,0.23967825930,0.52228699753,0.52228699753,0.25265604650,0.54712646831,0.19902716668,0.30966948106,0.30966948106,0.01118209938,0.20589927783,0.57156566932
Norovirus_GIV.1b,0.67145419720,0.39932598922,0.49863207602,0.53189666420,0.28913377078,0.37172733466,0.75359365846,0.70539308188,0.72411630856,0.67875315815,0.81609545862,0.95897714354,0.47906119862,0.90778107630,0.78250587257,0.69981040449,0.73989207993,0.94129095019,0.84439150803,0.83457855855,0.31638645979,0.31638645979,0.43015738199,0.39799202210,0.44068499625,0.40034520858,0.43041146283,0.32356520323,0.32345472221,0.40034520858,0.21814652827,0.00000000000,0.02310784380,0.58424324752,0.21814652827,0.15415221605,0.21872419821,0.21814652827,0.49831146007,0.45405672504,0.87131801666,0.66944389361,0.71765947705,0.73223235836,0.84872030434,0.84549314447,0.84549314447,0.87131801666,0.88248372586,0.88248372586,0.09517243062,0.52352039742,0.16714892275,0.60051365916,0.60051365916,0.09517243062,0.25404692412,0.16714892275,0.58872651190,0.58872651190,0.07423447800,0.39486894010,0.53561692553
Norovirus_GIV.1c,0.02952824028,0.15589842809,0.03755269694,0.07039424961,0.05676099279,0.03409948462,0.05416861484,0.05101052757,0.05551785593,0.05773958067,0.05299200490,0.01505098696,0.15407532277,0.06646798674,0.09597007321,0.08734846914,0.11014609098,0.32998078367,0.28620813634,0.25993574597,0.43005948503,0.43005948503,0.36392064202,0.51986305854,0.45563541838,0.53952690568,0.58932827261,0.49200295291,0.45778367907,0.53952690568,0.02923523346,0.02310784380,0.00000000000,0.03333106173,0.02923523346,0.02067439674,0.01626150065,0.02923523346,0.02447008940,0.02359028581,0.03830083341,0.12353960505,0.20422384297,0.04385798056,0.07164144379,0.05292240296,0.05276449796,0.03830083341,0.06061503706,0.06061503706,0.02566166190,0.02172562207,0.00843433736,0.02197987200,0.02197987200,0.02566166190,0.00948915315,0.00767134473,0.02814694393,0.02814694393,0.69555496347,0.16449274459,0.02238603206
Norovirus_GIV.1d,0.70712444159,0.71524601903,0.27313371224,0.42907381038,0.18633726019,0.48246860386,0.48411631520,0.39311452877,0.40912341187,0.34703432208,0.74785355371,0.92275771209,0.13853909671,0.77417443638,0.45093410005,0.32998689435,0.51441131229,0.87856553654,0.79804407191,0.89194418083,0.49084773340,0.49084773340,0.60435258695,0.54440400842,0.54179286056,0.54980208389,0.57332523460,0.47632296386,0.48478936450,0.54980208389,0.46273074371,0.58424324752,0.03333106173,0.00000000000,0.46273074371,0.38801367961,0.49520270257,0.46273074371,0.76933765523,0.77634474231,0.78618608791,0.73095960110,0.79686268494,0.53371392869,0.76365750751,0.75223075240,0.75223075240,0.78618608791,0.82445656783,0.82445656783,0.35032745628,0.76211668077,0.37388476071,0.82611156146,0.82611156146,0.35032745628,0.43932255645,0.37388476071,0.84100464619,0.84100464619,0.11236959424,0.13045474377,0.27292134577
Norovirus_GIV.1e,0.52394666384,0.51941483560,0.48299290438,0.64070255299,0.52495369749,0.76322844688,0.55744511348,0.54214341691,0.56971619181,0.50402360789,0.72310837248,0.96434222937,0.27395088835,0.92178931102,0.48017194585,0.60372135757,0.67453369380,0.65053166579,0.66537565441,0.50911852442,0.25622044381,0.25622044381,0.41764081834,0.39018368816,0.33355235026,0.41450564167,0.42039392594,0.32796183659,0.34285809013,0.41450564167,1.00000000000,0.21814652827,0.02923523346,0.46273074371,0.00000000000,0.32084719886,0.66918290203,1.00000000000,0.47236514436,0.31681514738,0.42033550242,0.26361068462,0.26983069472,0.37772569245,0.53692427880,0.46978494403,0.45572568235,0.42033550242,0.48671126597,0.48671126597,0.25265604650,0.29925083045,0.23967825930,0.52228699753,0.52228699753,0.25265604650,0.54712646831,0.19902716668,0.30966948106,0.30966948106,0.01118209938,0.20589927783,0.57156566932
Norovirus_GIV.1f,0.63632375052,0.79211571699,0.48652433150,0.70207121847,0.58210978104,0.86698750673,0.72004572252,0.70665934866,0.73701039562,0.67187319406,0.83028068790,0.98777281457,0.41666458857,0.97418274085,0.40226994215,0.79025721049,0.81991528973,0.68690046045,0.64781839070,0.40975258351,0.28872263762,0.28872263762,0.49241748461,0.46222161020,0.39552916153,0.48735534633,0.48735534633,0.36542898028,0.39502110766,0.48735534633,0.32084719886,0.15415221605,0.02067439674,0.38801367961,0.32084719886,0.00000000000,0.47743710911,0.32084719886,0.41203814657,0.26244899152,0.48817025922,0.31094370216,0.31702660631,0.43690142352,0.56855689725,0.51842878110,0.49932990773,0.48817025922,0.53256597646,0.53256597646,0.29111746152,0.43839383937,0.20427404082,0.43903431425,0.43903431425,0.29111746152,0.42811401473,0.18628369965,0.31320739382,0.31320739382,0.00681776076,0.35056299299,0.60871560977
Norovirus_GIV.1g,0.54005379230,0.70094248288,0.45282856491,0.62286129487,0.48260677055,0.82060582102,0.58952343648,0.57610717824,0.60026078474,0.53368128256,0.68680999709,0.97758756509,0.47958514483,0.94446665202,0.67210069849,0.56555062848,0.60361667434,0.67576095964,0.66540797346,0.63330278193,0.25067860706,0.25067860706,0.38839549159,0.37788195430,0.32041610695,0.39103015443,0.40082908368,0.31141021552,0.32914456718,0.39103015443,0.66918290203,0.21872419821,0.01626150065,0.49520270257,0.66918290203,0.47743710911,0.00000000000,0.66918290203,0.65579436244,0.47654772649,0.36125812048,0.17961514116,0.19354142458,0.31650626419,0.45341313700,0.39894232373,0.37693333940,0.36125812048,0.40338372409,0.40338372409,0.43585406948,0.65694306422,0.31904273658,0.75318517126,0.75318517126,0.43585406948,0.74441458251,0.27658950257,0.62015467628,0.62015467628,0.00664891379,0.40420085001,0.82004079974
Norovirus_GIV.1h,0.52394666384,0.51941483560,0.48299290438,0.64070255299,0.52495369749,0.76322844688,0.55744511348,0.54214341691,0.56971619181,0.50402360789,0.72310837248,0.96434222937,0.27395088835,0.92178931102,0.48017194585,0.60372135757,0.67453369380,0.65053166579,0.66537565441,0.50911852442,0.25622044381,0.25622044381,0.41764081834,0.39018368816,0.33355235026,0.41450564167,0.42039392594,0.32796183659,0.34285809013,0.41450564167,1.00000000000,0.21814652827,0.02923523346,0.46273074371,1.00000000000,0.32084719886,0.66918290203,0.00000000000,0.47236514436,0.31681514738,0.42033550242,0.26361068462,0.26983069472,0.37772569245,0.53692427880,0.46978494403,0.45572568235,0.42033550242,0.48671126597,0.48671126597,0.25265604650,0.29925083045,0.23967825930,0.52228699753,0.52228699753,0.25265604650,0.54712646831,0.19902716668,0.30966948106,0.30966948106,0.01118209938,0.20589927783,0.57156566932
Norovirus_GIV.1i,0.59474316392,0.29778410769,0.40832878530,0.63123546996,0.54312546599,0.68452963228,0.59609320674,0.57515549618,0.60589461387,0.57718981722,0.85689318169,0.98514264150,0.60420618454,0.94584219664,0.71633383105,0.80556797693,0.81793193204,0.87456870185,0.84812275622,0.83484185204,0.19880508721,0.19880508721,0.31929624938,0.31918526362,0.26248752208,0.30890148722,0.33722483890,0.23563018720,0.24987172907,0.30890148722,0.47236514436,0.49831146007,0.02447008940,0.76933765523,0.47236514436,0.41203814657,0.65579436244,0.47236514436,0.00000000000,0.15729920705,0.64619589396,0.45339222390,0.46752656958,0.56381775639,0.74691344646,0.67999081731,0.67836785523,0.64619589396,0.71026120406,0.71026120406,0.56953196462,0.60251972441,0.56637398923,0.83864284889,0.83864284889,0.56953196462,0.80934049508,0.48900639938,0.50616521909,0.50616521909,0.00905146988,0.53895843866,0.90473534163
Norovirus_GIV.1j,0.56211209040,0.32020638024,0.39937791276,0.63542581782,0.53169850029,0.64794158920,0.60261292574,0.58166014415,0.60826962090,0.58369670860,0.86905245822,0.98170081595,0.64619456676,0.92687618027,0.68790203723,0.81555996639,0.81133669041,0.89695016411,0.87290914446,0.84750483749,0.16618975990,0.16618975990,0.26805614406,0.27054174446,0.21957183849,0.25952672143,0.28794017007,0.19241385712,0.20467718707,0.25952672143,0.31681514738,0.45405672504,0.02359028581,0.77634474231,0.31681514738,0.26244899152,0.47654772649,0.31681514738,0.15729920705,0.00000000000,0.64896652183,0.46411518214,0.47110834121,0.55047268763,0.74193089896,0.67190240071,0.67166304695,0.64896652183,0.69964915018,0.69964915018,0.42918778110,0.60888560844,0.48662260323,0.74563711242,0.74563711242,0.42918778110,0.86448948956,0.41374422916,0.28388613076,0.28388613076,0.00945016200,0.60223063372,0.91871773166
Norovirus_GV.1a,0.80616928013,0.53133716966,0.53097917956,0.49562325288,0.46186635970,0.65316429901,0.39331019654,0.38291682452,0.46878044327,0.44763619570,0.70968884724,0.77351356490,0.82436863170,0.51032401157,0.76250386267,0.80134468058,0.73978729103,0.75174692919,0.76800474789,0.70294069134,0.11553852549,0.11553852549,0.07848913911,0.11702402737,0.10670445586,0.09187899753,0.08928645224,0.07469577882,0.11762156672,0.09187899753,0.42033550242,0.87131801666,0.03830083341,0.78618608791,0.42033550242,0.48817025922,0.36125812048,0.42033550242,0.64619589396,0.64896652183,0.00000000000,0.38176784280,0.34289786654,0.49439168648,0.77276027507,0.81727002772,0.81727002772,1.00000000000,0.76599550040,0.76599550040,0.37975797490,0.72420272055,0.69181642238,0.75173868365,0.75173868365,0.37975797490,0.40280366591,0.70795588494,0.65340326289,0.65340326289,0.04358825920,0.83901796307,0.81117801218
Norovirus_GV.1b,0.97141542223,0.93573071809,0.85618136687,0.94477040352,0.91258622537,0.95055015030,0.98810449393,0.98565022909,0.97916540536,0.98126724885,0.54832873178,0.20509929519,0.86224697545,0.66059731935,0.58464216779,0.90227074879,0.87811444488,0.79097618002,0.68034097376,0.64237796953,0.34419284293,0.34419284293,0.43060751959,0.59753679865,0.45590354942,0.56010993812,0.55442468329,0.41918257857,0.47005519867,0.56010993812,0.26361068462,0.66944389361,0.12353960505,0.73095960110,0.26361068462,0.31094370216,0.17961514116,0.26361068462,0.45339222390,0.46411518214,0.38176784280,0.00000000000,0.17558838731,0.30816073555,0.52819552502,0.44426631215,0.44426631215,0.38176784280,0.46000733143,0.46000733143,0.26295888158,0.50784047687,0.39846816397,0.72351762190,0.72351762190,0.26295888158,0.66154729919,0.42160020022,0.47194733582,0.47194733582,0.09034987502,0.85638949242,0.42529020382
Norovirus_GV.1c,0.98577700034,0.95182626823,0.79337486000,0.91483692986,0.88940587286,0.96747344017,0.98101503893,0.97556708480,0.96649035886,0.96929781129,0.49340826725,0.20775949641,0.87743080907,0.68884061194,0.52954021419,0.87550379229,0.86714349348,0.79394319965,0.65505337880,0.62431788277,0.49641909648,0.49641909648,0.52729403285,0.71462504972,0.61655576203,0.68080232012,0.67786669778,0.54903747166,0.59001663432,0.68080232012,0.26983069472,0.71765947705,0.20422384297,0.79686268494,0.26983069472,0.31702660631,0.19354142458,0.26983069472,0.46752656958,0.47110834121,0.34289786654,0.17558838731,0.00000000000,0.38296412707,0.53581539535,0.43825185904,0.43821205318,0.34289786654,0.40976274211,0.40976274211,0.26886121805,0.52010665901,0.49716719866,0.71230318163,0.71230318163,0.26886121805,0.61644404971,0.52160565234,0.49325992477,0.49325992477,0.14360369447,0.87618884363,0.46286449777
Norovirus_GV.1d,0.95981338606,0.73992394478,0.65602467373,0.72272489463,0.72022329914,0.85676295042,0.60018368908,0.59784307273,0.68679350286,0.66967567485,0.79770863759,0.79921116440,0.80646713444,0.46152148411,0.64136896536,0.72751293095,0.69243122092,0.71221942017,0.70526322243,0.59650760658,0.08628626997,0.08628626997,0.03441170919,0.08307865671,0.07772771190,0.06558510775,0.06052690418,0.05170956269,0.08183847461,0.06558510775,0.37772569245,0.73223235836,0.04385798056,0.53371392869,0.37772569245,0.43690142352,0.31650626419,0.37772569245,0.56381775639,0.55047268763,0.49439168648,0.30816073555,0.38296412707,0.00000000000,0.72754118936,0.67671374092,0.70614871255,0.49439168648,0.40607009703,0.40607009703,0.35698004837,0.58043289955,0.50942732060,0.57187570975,0.57187570975,0.35698004837,0.25744105066,0.51090297143,0.59431146655,0.59431146655,0.04673894839,0.81652235395,0.67303378636
